site,wildtype,mutant,IC90,log2 fold change IC90,times_seen,date,library,replicate,virus_batch,n_epitopes
-1,T,I,0.0033,-0.0393,2.0,230517,libA,2,1,1
-1,T,K,0.0034,-0.021,1.0,230517,libA,2,1,1
-1,T,T,0.0034,0.0,,230517,libA,2,1,1
-2,D,D,0.0034,0.0,,230517,libA,2,1,1
-2,D,E,0.0034,-0.0196,1.0,230517,libA,2,1,1
-2,D,G,0.0034,-0.0117,1.0,230517,libA,2,1,1
-2,D,H,0.0034,-0.0057,1.0,230517,libA,2,1,1
-2,D,N,0.0034,-0.0345,1.0,230517,libA,2,1,1
-2,D,Y,0.0031,-0.1325,5.0,230517,libA,2,1,1
-3,A,A,0.0034,0.0,,230517,libA,2,1,1
-3,A,S,0.0034,-0.0105,1.0,230517,libA,2,1,1
-3,A,T,0.0034,-0.038,1.0,230517,libA,2,1,1
-4,D,D,0.0034,0.0,,230517,libA,2,1,1
-4,D,Y,0.0037,0.0874,1.0,230517,libA,2,1,1
-9,A,A,0.0034,0.0,,230517,libA,2,1,1
-9,A,S,0.0034,-0.0137,1.0,230517,libA,2,1,1
1,Q,*,0.0033,-0.0743,1.0,230517,libA,2,1,1
1,Q,H,0.0032,-0.1093,3.0,230517,libA,2,1,1
1,Q,K,0.0034,-0.0036,1.0,230517,libA,2,1,1
1,Q,P,0.0034,-0.0017,1.0,230517,libA,2,1,1
1,Q,Q,0.0034,0.0,,230517,libA,2,1,1
1,Q,R,0.0034,-0.0314,5.0,230517,libA,2,1,1
10,T,A,0.0033,-0.0534,6.0,230517,libA,2,1,1
10,T,C,0.0035,0.0227,6.0,230517,libA,2,1,1
10,T,D,0.0032,-0.0887,4.0,230517,libA,2,1,1
10,T,E,0.0038,0.1312,6.0,230517,libA,2,1,1
10,T,F,0.0034,-0.0161,3.0,230517,libA,2,1,1
10,T,G,0.0032,-0.0938,5.0,230517,libA,2,1,1
10,T,H,0.0035,0.0041,12.0,230517,libA,2,1,1
10,T,I,0.0032,-0.0852,12.0,230517,libA,2,1,1
10,T,K,0.0034,-0.0382,6.0,230517,libA,2,1,1
10,T,L,0.0037,0.0969,16.0,230517,libA,2,1,1
10,T,M,0.0033,-0.0707,28.0,230517,libA,2,1,1
10,T,Q,0.0034,-0.0071,4.0,230517,libA,2,1,1
10,T,R,0.0031,-0.139,18.0,230517,libA,2,1,1
10,T,T,0.0034,0.0,,230517,libA,2,1,1
10,T,V,0.0035,0.0371,6.0,230517,libA,2,1,1
10,T,W,0.0035,0.0217,15.0,230517,libA,2,1,1
10,T,Y,0.0035,0.0067,24.0,230517,libA,2,1,1
100,Y,H,0.0033,-0.0445,2.0,230517,libA,2,1,1
100,Y,Y,0.0034,0.0,,230517,libA,2,1,1
101,D,D,0.0034,0.0,,230517,libA,2,1,1
101,D,E,0.003,-0.2111,76.0,230517,libA,2,1,1
101,D,V,0.0035,0.0236,30.0,230517,libA,2,1,1
101,D,Y,0.0033,-0.0402,2.0,230517,libA,2,1,1
102,V,I,0.0035,0.0194,50.0,230517,libA,2,1,1
102,V,M,0.0034,-0.0291,2.0,230517,libA,2,1,1
102,V,V,0.0034,0.0,,230517,libA,2,1,1
103,P,A,0.0028,-0.2817,69.0,230517,libA,2,1,1
103,P,D,0.0022,-0.6467,48.0,230517,libA,2,1,1
103,P,E,0.0028,-0.3026,41.0,230517,libA,2,1,1
103,P,F,0.0033,-0.056,40.0,230517,libA,2,1,1
103,P,H,0.003,-0.2204,43.0,230517,libA,2,1,1
103,P,I,0.0029,-0.2467,50.0,230517,libA,2,1,1
103,P,K,0.0032,-0.1138,58.0,230517,libA,2,1,1
103,P,L,0.0038,0.1439,3.0,230517,libA,2,1,1
103,P,M,0.0028,-0.2903,74.0,230517,libA,2,1,1
103,P,N,0.0031,-0.1429,36.0,230517,libA,2,1,1
103,P,P,0.0034,0.0,,230517,libA,2,1,1
103,P,Q,0.0034,0.0009,60.0,230517,libA,2,1,1
103,P,R,0.0031,-0.1702,24.0,230517,libA,2,1,1
103,P,S,0.0031,-0.1537,58.0,230517,libA,2,1,1
103,P,T,0.0034,-0.0163,41.0,230517,libA,2,1,1
103,P,V,0.003,-0.1768,80.0,230517,libA,2,1,1
103,P,W,0.0025,-0.4547,68.0,230517,libA,2,1,1
103,P,Y,0.0032,-0.1212,42.0,230517,libA,2,1,1
104,D,D,0.0034,0.0,,230517,libA,2,1,1
104,D,H,0.0036,0.0659,49.0,230517,libA,2,1,1
104,D,N,0.0034,-0.0279,1.0,230517,libA,2,1,1
104,D,Q,0.003,-0.2214,18.0,230517,libA,2,1,1
104,D,Y,0.0033,-0.0721,5.0,230517,libA,2,1,1
105,Y,H,0.0034,-0.0243,2.0,230517,libA,2,1,1
105,Y,L,0.0032,-0.1246,23.0,230517,libA,2,1,1
105,Y,Y,0.0034,0.0,,230517,libA,2,1,1
106,A,A,0.0034,0.0,,230517,libA,2,1,1
106,A,D,0.0028,-0.3076,63.0,230517,libA,2,1,1
106,A,E,0.0029,-0.2634,39.0,230517,libA,2,1,1
106,A,H,0.0032,-0.1111,21.0,230517,libA,2,1,1
106,A,I,0.0028,-0.3162,25.0,230517,libA,2,1,1
106,A,L,0.0032,-0.1067,19.0,230517,libA,2,1,1
106,A,M,0.0037,0.1059,31.0,230517,libA,2,1,1
106,A,N,0.0033,-0.0567,22.0,230517,libA,2,1,1
106,A,Q,0.0035,0.0203,12.0,230517,libA,2,1,1
106,A,S,0.0036,0.0707,33.0,230517,libA,2,1,1
106,A,T,0.0032,-0.0859,25.0,230517,libA,2,1,1
106,A,V,0.0035,0.0206,18.0,230517,libA,2,1,1
106,A,W,0.0036,0.0708,25.0,230517,libA,2,1,1
107,S,D,0.0032,-0.0889,30.0,230517,libA,2,1,1
107,S,F,0.0034,-0.0201,1.0,230517,libA,2,1,1
107,S,G,0.0028,-0.2732,25.0,230517,libA,2,1,1
107,S,N,0.0035,0.006,31.0,230517,libA,2,1,1
107,S,S,0.0034,0.0,,230517,libA,2,1,1
107,S,T,0.0028,-0.2817,47.0,230517,libA,2,1,1
107,S,W,0.0031,-0.1554,13.0,230517,libA,2,1,1
107,S,Y,0.0029,-0.2437,22.0,230517,libA,2,1,1
108,L,I,0.003,-0.1953,12.0,230517,libA,2,1,1
108,L,L,0.0034,0.0,,230517,libA,2,1,1
109,R,M,0.0034,-0.0174,4.0,230517,libA,2,1,1
109,R,R,0.0034,0.0,,230517,libA,2,1,1
109,R,S,0.0033,-0.0472,2.0,230517,libA,2,1,1
11,A,A,0.0034,0.0,,230517,libA,2,1,1
11,A,E,0.0034,-0.0201,1.0,230517,libA,2,1,1
11,A,S,0.0033,-0.0612,2.0,230517,libA,2,1,1
11,A,T,0.0033,-0.0467,37.0,230517,libA,2,1,1
11,A,V,0.0034,-0.0388,9.0,230517,libA,2,1,1
110,S,*,0.0036,0.0509,7.0,230517,libA,2,1,1
110,S,A,0.0031,-0.1498,47.0,230517,libA,2,1,1
110,S,L,0.0034,-0.0332,4.0,230517,libA,2,1,1
110,S,S,0.0034,0.0,,230517,libA,2,1,1
111,L,I,0.0034,-0.0295,1.0,230517,libA,2,1,1
111,L,L,0.0034,0.0,,230517,libA,2,1,1
111,L,Q,0.0034,-0.0369,1.0,230517,libA,2,1,1
112,V,I,0.0032,-0.1279,15.0,230517,libA,2,1,1
112,V,V,0.0034,0.0,,230517,libA,2,1,1
113,A,A,0.0034,0.0,,230517,libA,2,1,1
113,A,S,0.0034,0.0003,4.0,230517,libA,2,1,1
114,S,*,0.0032,-0.094,11.0,230517,libA,2,1,1
114,S,A,0.0033,-0.0707,16.0,230517,libA,2,1,1
114,S,D,0.0033,-0.0635,3.0,230517,libA,2,1,1
114,S,E,0.0035,0.0041,5.0,230517,libA,2,1,1
114,S,F,0.0035,0.0259,1.0,230517,libA,2,1,1
114,S,G,0.0036,0.0614,2.0,230517,libA,2,1,1
114,S,H,0.003,-0.1908,19.0,230517,libA,2,1,1
114,S,K,0.0036,0.0559,15.0,230517,libA,2,1,1
114,S,L,0.0034,-0.0255,6.0,230517,libA,2,1,1
114,S,M,0.0035,0.0337,12.0,230517,libA,2,1,1
114,S,N,0.0033,-0.0704,17.0,230517,libA,2,1,1
114,S,Q,0.0042,0.2965,7.0,230517,libA,2,1,1
114,S,R,0.0031,-0.1562,13.0,230517,libA,2,1,1
114,S,S,0.0034,0.0,,230517,libA,2,1,1
114,S,T,0.0036,0.0504,21.0,230517,libA,2,1,1
114,S,V,0.0033,-0.0614,3.0,230517,libA,2,1,1
114,S,W,0.0036,0.0824,2.0,230517,libA,2,1,1
115,S,A,0.0035,0.0199,5.0,230517,libA,2,1,1
115,S,F,0.0034,-0.0147,1.0,230517,libA,2,1,1
115,S,I,0.0035,0.0162,10.0,230517,libA,2,1,1
115,S,L,0.0033,-0.0579,23.0,230517,libA,2,1,1
115,S,M,0.0034,-0.0253,21.0,230517,libA,2,1,1
115,S,S,0.0034,0.0,,230517,libA,2,1,1
115,S,Y,0.0032,-0.1162,5.0,230517,libA,2,1,1
116,G,C,0.0034,-0.0212,1.0,230517,libA,2,1,1
116,G,D,0.0033,-0.0547,3.0,230517,libA,2,1,1
116,G,G,0.0034,0.0,,230517,libA,2,1,1
116,G,V,0.0034,-0.0033,1.0,230517,libA,2,1,1
117,T,I,0.0036,0.0629,5.0,230517,libA,2,1,1
117,T,S,0.0036,0.0711,38.0,230517,libA,2,1,1
117,T,T,0.0034,0.0,,230517,libA,2,1,1
119,E,*,0.0035,0.0195,14.0,230517,libA,2,1,1
119,E,D,0.0036,0.0605,2.0,230517,libA,2,1,1
119,E,E,0.0034,0.0,,230517,libA,2,1,1
119,E,G,0.0036,0.0723,1.0,230517,libA,2,1,1
119,E,V,0.0034,-0.0294,1.0,230517,libA,2,1,1
12,T,A,0.0033,-0.0438,1.0,230517,libA,2,1,1
12,T,C,0.0032,-0.0874,3.0,230517,libA,2,1,1
12,T,E,0.0034,-0.0135,5.0,230517,libA,2,1,1
12,T,F,0.0034,-0.0246,1.0,230517,libA,2,1,1
12,T,I,0.0037,0.0956,9.0,230517,libA,2,1,1
12,T,K,0.0034,-0.0168,4.0,230517,libA,2,1,1
12,T,M,0.0035,0.0178,19.0,230517,libA,2,1,1
12,T,Q,0.0035,0.0127,1.0,230517,libA,2,1,1
12,T,T,0.0034,0.0,,230517,libA,2,1,1
12,T,V,0.0031,-0.1722,11.0,230517,libA,2,1,1
12,T,W,0.0036,0.0464,8.0,230517,libA,2,1,1
12,T,Y,0.0035,0.0069,10.0,230517,libA,2,1,1
121,K,*,0.0028,-0.2935,18.0,230517,libA,2,1,1
121,K,A,0.0033,-0.057,21.0,230517,libA,2,1,1
121,K,C,0.0032,-0.0877,12.0,230517,libA,2,1,1
121,K,D,0.0031,-0.1355,27.0,230517,libA,2,1,1
121,K,E,0.0031,-0.1613,69.0,230517,libA,2,1,1
121,K,F,0.0034,-0.0309,61.0,230517,libA,2,1,1
121,K,G,0.0034,0.0019,7.0,230517,libA,2,1,1
121,K,H,0.0034,-0.0134,65.0,230517,libA,2,1,1
121,K,I,0.0031,-0.1514,94.0,230517,libA,2,1,1
121,K,K,0.0034,0.0,,230517,libA,2,1,1
121,K,L,0.0025,-0.49,45.0,230517,libA,2,1,1
121,K,M,0.0029,-0.2503,60.0,230517,libA,2,1,1
121,K,N,0.003,-0.2002,129.0,230517,libA,2,1,1
121,K,P,0.0034,-0.0359,2.0,230517,libA,2,1,1
121,K,Q,0.0029,-0.224,87.0,230517,libA,2,1,1
121,K,R,0.0032,-0.0919,35.0,230517,libA,2,1,1
121,K,S,0.0029,-0.251,77.0,230517,libA,2,1,1
121,K,T,0.0028,-0.3166,84.0,230517,libA,2,1,1
121,K,V,0.0033,-0.069,43.0,230517,libA,2,1,1
121,K,W,0.0025,-0.4496,30.0,230517,libA,2,1,1
121,K,Y,0.0032,-0.105,81.0,230517,libA,2,1,1
122,N,A,0.0029,-0.2688,22.0,230517,libA,2,1,1
122,N,D,0.0032,-0.1028,54.0,230517,libA,2,1,1
122,N,E,0.0035,0.032,47.0,230517,libA,2,1,1
122,N,F,0.0031,-0.1468,28.0,230517,libA,2,1,1
122,N,H,0.0029,-0.2297,32.0,230517,libA,2,1,1
122,N,I,0.0027,-0.3281,46.0,230517,libA,2,1,1
122,N,L,0.0023,-0.5637,50.0,230517,libA,2,1,1
122,N,M,0.003,-0.2215,43.0,230517,libA,2,1,1
122,N,N,0.0034,0.0,,230517,libA,2,1,1
122,N,P,0.0033,-0.0683,34.0,230517,libA,2,1,1
122,N,Q,0.0024,-0.5252,67.0,230517,libA,2,1,1
122,N,S,0.0027,-0.3329,65.0,230517,libA,2,1,1
122,N,T,0.003,-0.1771,30.0,230517,libA,2,1,1
122,N,V,0.0028,-0.3144,21.0,230517,libA,2,1,1
122,N,Y,0.0029,-0.2266,92.0,230517,libA,2,1,1
123,E,*,0.0034,-0.0105,3.0,230517,libA,2,1,1
123,E,E,0.0034,0.0,,230517,libA,2,1,1
124,S,A,0.0027,-0.3573,50.0,230517,libA,2,1,1
124,S,D,0.0028,-0.3139,35.0,230517,libA,2,1,1
124,S,E,0.0029,-0.2672,51.0,230517,libA,2,1,1
124,S,F,0.0025,-0.4447,52.0,230517,libA,2,1,1
124,S,G,0.0027,-0.3475,53.0,230517,libA,2,1,1
124,S,H,0.0026,-0.4002,47.0,230517,libA,2,1,1
124,S,I,0.0028,-0.308,47.0,230517,libA,2,1,1
124,S,K,0.0038,0.1258,31.0,230517,libA,2,1,1
124,S,L,0.0028,-0.274,25.0,230517,libA,2,1,1
124,S,M,0.0029,-0.2699,44.0,230517,libA,2,1,1
124,S,N,0.0025,-0.4472,43.0,230517,libA,2,1,1
124,S,P,0.0032,-0.1091,35.0,230517,libA,2,1,1
124,S,Q,0.0029,-0.2513,34.0,230517,libA,2,1,1
124,S,R,0.0036,0.0614,57.0,230517,libA,2,1,1
124,S,S,0.0034,0.0,,230517,libA,2,1,1
124,S,V,0.0029,-0.269,33.0,230517,libA,2,1,1
124,S,W,0.0026,-0.4171,24.0,230517,libA,2,1,1
124,S,Y,0.0021,-0.6951,63.0,230517,libA,2,1,1
125,F,F,0.0034,0.0,,230517,libA,2,1,1
125,F,I,0.0034,-0.0118,1.0,230517,libA,2,1,1
125,F,L,0.0033,-0.0459,1.0,230517,libA,2,1,1
126,N,D,0.0038,0.1578,51.0,230517,libA,2,1,1
126,N,N,0.0034,0.0,,230517,libA,2,1,1
126,N,S,0.0037,0.1007,1.0,230517,libA,2,1,1
127,W,*,0.0032,-0.0887,2.0,230517,libA,2,1,1
127,W,L,0.0033,-0.0709,4.0,230517,libA,2,1,1
127,W,W,0.0034,0.0,,230517,libA,2,1,1
128,A,*,0.0034,-0.013,9.0,230517,libA,2,1,1
128,A,A,0.0034,0.0,,230517,libA,2,1,1
128,A,C,0.0034,-0.0028,2.0,230517,libA,2,1,1
128,A,D,0.0033,-0.066,33.0,230517,libA,2,1,1
128,A,E,0.0041,0.2386,46.0,230517,libA,2,1,1
128,A,F,0.0039,0.1818,7.0,230517,libA,2,1,1
128,A,G,0.0031,-0.1632,21.0,230517,libA,2,1,1
128,A,H,0.0034,-0.0385,12.0,230517,libA,2,1,1
128,A,I,0.0038,0.1409,23.0,230517,libA,2,1,1
128,A,K,0.0046,0.4093,21.0,230517,libA,2,1,1
128,A,L,0.0034,-0.0296,40.0,230517,libA,2,1,1
128,A,M,0.0037,0.0882,12.0,230517,libA,2,1,1
128,A,N,0.0038,0.1412,23.0,230517,libA,2,1,1
128,A,P,0.0032,-0.1175,16.0,230517,libA,2,1,1
128,A,Q,0.0034,-0.0205,16.0,230517,libA,2,1,1
128,A,R,0.0032,-0.1125,29.0,230517,libA,2,1,1
128,A,S,0.0033,-0.0654,47.0,230517,libA,2,1,1
128,A,T,0.0031,-0.1337,76.0,230517,libA,2,1,1
128,A,V,0.0035,0.0123,23.0,230517,libA,2,1,1
128,A,W,0.0033,-0.0734,10.0,230517,libA,2,1,1
128,A,Y,0.0033,-0.0827,10.0,230517,libA,2,1,1
129,G,*,0.0034,-0.0256,5.0,230517,libA,2,1,1
129,G,A,0.0035,0.0092,1.0,230517,libA,2,1,1
129,G,G,0.0034,0.0,,230517,libA,2,1,1
129,G,R,0.0036,0.0525,1.0,230517,libA,2,1,1
13,L,I,0.0032,-0.0918,19.0,230517,libA,2,1,1
13,L,L,0.0034,0.0,,230517,libA,2,1,1
13,L,M,0.0034,-0.0367,2.0,230517,libA,2,1,1
13,L,R,0.0034,-0.0183,1.0,230517,libA,2,1,1
130,V,A,0.0035,0.0143,1.0,230517,libA,2,1,1
130,V,I,0.0034,0.0024,2.0,230517,libA,2,1,1
130,V,V,0.0034,0.0,,230517,libA,2,1,1
131,T,*,0.0031,-0.1479,4.0,230517,libA,2,1,1
131,T,A,0.003,-0.1952,58.0,230517,libA,2,1,1
131,T,C,0.0039,0.1806,4.0,230517,libA,2,1,1
131,T,D,0.0033,-0.0482,12.0,230517,libA,2,1,1
131,T,E,0.0035,0.0412,9.0,230517,libA,2,1,1
131,T,F,0.0034,-0.0037,1.0,230517,libA,2,1,1
131,T,G,0.0034,-0.0228,6.0,230517,libA,2,1,1
131,T,H,0.0032,-0.099,7.0,230517,libA,2,1,1
131,T,I,0.0026,-0.4222,42.0,230517,libA,2,1,1
131,T,K,0.0037,0.1103,48.0,230517,libA,2,1,1
131,T,L,0.003,-0.2012,42.0,230517,libA,2,1,1
131,T,M,0.0033,-0.0414,16.0,230517,libA,2,1,1
131,T,N,0.0038,0.1289,96.0,230517,libA,2,1,1
131,T,P,0.0038,0.1589,1.0,230517,libA,2,1,1
131,T,Q,0.0034,0.0023,28.0,230517,libA,2,1,1
131,T,R,0.0024,-0.4909,50.0,230517,libA,2,1,1
131,T,S,0.0033,-0.0449,75.0,230517,libA,2,1,1
131,T,T,0.0034,0.0,,230517,libA,2,1,1
131,T,V,0.0038,0.1407,34.0,230517,libA,2,1,1
131,T,W,0.0036,0.046,1.0,230517,libA,2,1,1
131,T,Y,0.0033,-0.0715,3.0,230517,libA,2,1,1
132,Q,C,0.003,-0.2141,4.0,230517,libA,2,1,1
132,Q,E,0.0039,0.195,66.0,230517,libA,2,1,1
132,Q,K,0.0033,-0.0673,3.0,230517,libA,2,1,1
132,Q,Q,0.0034,0.0,,230517,libA,2,1,1
132,Q,V,0.0033,-0.0494,3.0,230517,libA,2,1,1
133,N,D,0.0037,0.0958,35.0,230517,libA,2,1,1
133,N,N,0.0034,0.0,,230517,libA,2,1,1
133,N,S,0.0033,-0.0756,16.0,230517,libA,2,1,1
134,G,*,0.0032,-0.0903,6.0,230517,libA,2,1,1
134,G,G,0.0034,0.0,,230517,libA,2,1,1
134,G,H,0.0032,-0.1082,7.0,230517,libA,2,1,1
134,G,R,0.0034,-0.0131,1.0,230517,libA,2,1,1
134,G,V,0.0034,-0.0329,2.0,230517,libA,2,1,1
135,K,*,0.0035,0.0353,18.0,230517,libA,2,1,1
135,K,A,0.0039,0.1693,45.0,230517,libA,2,1,1
135,K,C,0.0032,-0.1109,10.0,230517,libA,2,1,1
135,K,D,0.0035,0.031,7.0,230517,libA,2,1,1
135,K,E,0.0041,0.2378,45.0,230517,libA,2,1,1
135,K,F,0.0035,0.0357,9.0,230517,libA,2,1,1
135,K,G,0.0043,0.3181,37.0,230517,libA,2,1,1
135,K,H,0.0038,0.1339,27.0,230517,libA,2,1,1
135,K,I,0.0037,0.0925,16.0,230517,libA,2,1,1
135,K,K,0.0034,0.0,,230517,libA,2,1,1
135,K,L,0.0032,-0.1027,24.0,230517,libA,2,1,1
135,K,M,0.0036,0.0519,30.0,230517,libA,2,1,1
135,K,N,0.0038,0.1407,71.0,230517,libA,2,1,1
135,K,P,0.0032,-0.1018,10.0,230517,libA,2,1,1
135,K,Q,0.0045,0.3855,37.0,230517,libA,2,1,1
135,K,R,0.0033,-0.0683,29.0,230517,libA,2,1,1
135,K,S,0.0044,0.3591,53.0,230517,libA,2,1,1
135,K,T,0.0047,0.4621,143.0,230517,libA,2,1,1
135,K,V,0.0043,0.3091,43.0,230517,libA,2,1,1
135,K,W,0.003,-0.1847,6.0,230517,libA,2,1,1
135,K,Y,0.0036,0.0484,14.0,230517,libA,2,1,1
136,S,G,0.0033,-0.0627,1.0,230517,libA,2,1,1
136,S,S,0.0034,0.0,,230517,libA,2,1,1
136,S,T,0.0027,-0.3454,16.0,230517,libA,2,1,1
137,F,A,0.004,0.23,22.0,230517,libA,2,1,1
137,F,F,0.0034,0.0,,230517,libA,2,1,1
137,F,G,0.0034,0.0022,17.0,230517,libA,2,1,1
137,F,S,0.0037,0.0927,115.0,230517,libA,2,1,1
137,F,Y,0.0035,0.0056,52.0,230517,libA,2,1,1
138,S,*,0.0038,0.125,43.0,230517,libA,2,1,1
138,S,A,0.0034,-0.0337,47.0,230517,libA,2,1,1
138,S,C,0.0031,-0.1592,15.0,230517,libA,2,1,1
138,S,D,0.0027,-0.3439,25.0,230517,libA,2,1,1
138,S,E,0.003,-0.2158,9.0,230517,libA,2,1,1
138,S,F,0.0029,-0.2441,15.0,230517,libA,2,1,1
138,S,G,0.0033,-0.0544,10.0,230517,libA,2,1,1
138,S,H,0.0033,-0.0692,25.0,230517,libA,2,1,1
138,S,I,0.0029,-0.2614,6.0,230517,libA,2,1,1
138,S,K,0.0027,-0.3328,22.0,230517,libA,2,1,1
138,S,L,0.0031,-0.161,35.0,230517,libA,2,1,1
138,S,M,0.0033,-0.0588,28.0,230517,libA,2,1,1
138,S,N,0.0031,-0.1474,22.0,230517,libA,2,1,1
138,S,P,0.0034,0.0017,2.0,230517,libA,2,1,1
138,S,Q,0.0024,-0.5086,27.0,230517,libA,2,1,1
138,S,R,0.0024,-0.5087,27.0,230517,libA,2,1,1
138,S,S,0.0034,0.0,,230517,libA,2,1,1
138,S,T,0.0027,-0.3711,42.0,230517,libA,2,1,1
138,S,V,0.003,-0.1943,10.0,230517,libA,2,1,1
138,S,W,0.0028,-0.3237,15.0,230517,libA,2,1,1
138,S,Y,0.0024,-0.5384,25.0,230517,libA,2,1,1
139,C,*,0.0034,-0.0102,1.0,230517,libA,2,1,1
139,C,C,0.0034,0.0,,230517,libA,2,1,1
139,C,R,0.0034,-0.0153,1.0,230517,libA,2,1,1
139,C,S,0.0034,-0.0189,1.0,230517,libA,2,1,1
139,C,Y,0.0035,0.0413,2.0,230517,libA,2,1,1
14,C,*,0.0031,-0.1335,5.0,230517,libA,2,1,1
14,C,C,0.0034,0.0,,230517,libA,2,1,1
14,C,Y,0.0035,0.0043,1.0,230517,libA,2,1,1
140,I,I,0.0034,0.0,,230517,libA,2,1,1
140,I,K,0.0027,-0.3309,43.0,230517,libA,2,1,1
140,I,M,0.0035,0.0152,28.0,230517,libA,2,1,1
140,I,N,0.003,-0.1805,20.0,230517,libA,2,1,1
140,I,P,0.0039,0.1663,8.0,230517,libA,2,1,1
140,I,Q,0.0028,-0.2749,16.0,230517,libA,2,1,1
141,R,D,0.0034,-0.0272,3.0,230517,libA,2,1,1
141,R,G,0.0036,0.0557,1.0,230517,libA,2,1,1
141,R,M,0.0033,-0.0397,6.0,230517,libA,2,1,1
141,R,R,0.0034,0.0,,230517,libA,2,1,1
141,R,S,0.0035,0.0269,13.0,230517,libA,2,1,1
142,G,*,0.0031,-0.1531,27.0,230517,libA,2,1,1
142,G,A,0.0035,0.0054,33.0,230517,libA,2,1,1
142,G,C,0.0033,-0.0755,6.0,230517,libA,2,1,1
142,G,D,0.0032,-0.1246,43.0,230517,libA,2,1,1
142,G,E,0.0031,-0.1651,26.0,230517,libA,2,1,1
142,G,F,0.0031,-0.1427,9.0,230517,libA,2,1,1
142,G,G,0.0034,0.0,,230517,libA,2,1,1
142,G,H,0.0035,0.0243,24.0,230517,libA,2,1,1
142,G,I,0.0032,-0.0904,7.0,230517,libA,2,1,1
142,G,K,0.0036,0.0834,20.0,230517,libA,2,1,1
142,G,L,0.0034,0.0008,10.0,230517,libA,2,1,1
142,G,M,0.0033,-0.053,12.0,230517,libA,2,1,1
142,G,N,0.0033,-0.0737,48.0,230517,libA,2,1,1
142,G,P,0.0035,0.0185,2.0,230517,libA,2,1,1
142,G,Q,0.0035,0.0171,13.0,230517,libA,2,1,1
142,G,R,0.0028,-0.3097,35.0,230517,libA,2,1,1
142,G,S,0.0035,0.0377,32.0,230517,libA,2,1,1
142,G,T,0.0034,-0.0161,7.0,230517,libA,2,1,1
142,G,V,0.0034,-0.017,8.0,230517,libA,2,1,1
142,G,W,0.003,-0.2035,7.0,230517,libA,2,1,1
142,G,Y,0.0032,-0.1142,10.0,230517,libA,2,1,1
143,S,A,0.0035,0.0152,12.0,230517,libA,2,1,1
143,S,D,0.0048,0.4656,20.0,230517,libA,2,1,1
143,S,E,0.0039,0.1748,15.0,230517,libA,2,1,1
143,S,G,0.0042,0.2768,16.0,230517,libA,2,1,1
143,S,H,0.0034,-0.01,11.0,230517,libA,2,1,1
143,S,K,0.0032,-0.1166,20.0,230517,libA,2,1,1
143,S,M,0.0035,0.0312,22.0,230517,libA,2,1,1
143,S,N,0.0037,0.0903,18.0,230517,libA,2,1,1
143,S,Q,0.0084,1.2889,8.0,230517,libA,2,1,1
143,S,S,0.0034,0.0,,230517,libA,2,1,1
143,S,T,0.0033,-0.0447,19.0,230517,libA,2,1,1
143,S,W,0.0034,-0.0292,10.0,230517,libA,2,1,1
143,S,Y,0.0034,-0.0378,9.0,230517,libA,2,1,1
144,S,*,0.0036,0.0528,36.0,230517,libA,2,1,1
144,S,A,0.0033,-0.0702,14.0,230517,libA,2,1,1
144,S,C,0.0033,-0.0704,4.0,230517,libA,2,1,1
144,S,D,0.004,0.2019,52.0,230517,libA,2,1,1
144,S,E,0.0039,0.1708,48.0,230517,libA,2,1,1
144,S,F,0.0033,-0.0419,8.0,230517,libA,2,1,1
144,S,G,0.0033,-0.0569,53.0,230517,libA,2,1,1
144,S,H,0.0035,0.0188,37.0,230517,libA,2,1,1
144,S,I,0.0032,-0.1183,25.0,230517,libA,2,1,1
144,S,K,0.0032,-0.1202,126.0,230517,libA,2,1,1
144,S,L,0.003,-0.1906,23.0,230517,libA,2,1,1
144,S,M,0.0033,-0.0506,15.0,230517,libA,2,1,1
144,S,N,0.0063,0.8636,43.0,230517,libA,2,1,1
144,S,P,0.0033,-0.0603,5.0,230517,libA,2,1,1
144,S,Q,0.0035,0.0399,46.0,230517,libA,2,1,1
144,S,R,0.0031,-0.1518,85.0,230517,libA,2,1,1
144,S,S,0.0034,0.0,,230517,libA,2,1,1
144,S,T,0.0037,0.1015,52.0,230517,libA,2,1,1
144,S,V,0.0032,-0.0896,49.0,230517,libA,2,1,1
144,S,W,0.0033,-0.0476,3.0,230517,libA,2,1,1
144,S,Y,0.0035,0.0137,12.0,230517,libA,2,1,1
145,S,A,0.0034,-0.0079,31.0,230517,libA,2,1,1
145,S,E,0.0049,0.5023,20.0,230517,libA,2,1,1
145,S,G,0.0031,-0.1445,26.0,230517,libA,2,1,1
145,S,H,0.0034,-0.0255,11.0,230517,libA,2,1,1
145,S,I,0.0033,-0.0503,3.0,230517,libA,2,1,1
145,S,K,0.003,-0.1816,11.0,230517,libA,2,1,1
145,S,N,0.0032,-0.114,27.0,230517,libA,2,1,1
145,S,P,0.003,-0.1861,50.0,230517,libA,2,1,1
145,S,Q,0.0038,0.1297,14.0,230517,libA,2,1,1
145,S,S,0.0034,0.0,,230517,libA,2,1,1
145,S,T,0.0034,-0.0202,18.0,230517,libA,2,1,1
145,S,W,0.0032,-0.0886,7.0,230517,libA,2,1,1
146,S,G,0.0035,0.0234,1.0,230517,libA,2,1,1
146,S,S,0.0034,0.0,,230517,libA,2,1,1
15,L,I,0.0033,-0.0473,32.0,230517,libA,2,1,1
15,L,L,0.0034,0.0,,230517,libA,2,1,1
15,L,V,0.0034,-0.0147,20.0,230517,libA,2,1,1
150,R,G,0.0034,-0.035,1.0,230517,libA,2,1,1
150,R,I,0.0036,0.0731,1.0,230517,libA,2,1,1
150,R,K,0.003,-0.1871,36.0,230517,libA,2,1,1
150,R,R,0.0034,0.0,,230517,libA,2,1,1
150,R,S,0.0034,-0.0178,3.0,230517,libA,2,1,1
153,W,*,0.0034,-0.0142,2.0,230517,libA,2,1,1
153,W,W,0.0034,0.0,,230517,libA,2,1,1
154,L,F,0.0034,-0.0292,1.0,230517,libA,2,1,1
154,L,L,0.0034,0.0,,230517,libA,2,1,1
155,T,H,0.0032,-0.0892,4.0,230517,libA,2,1,1
155,T,S,0.0032,-0.0893,10.0,230517,libA,2,1,1
155,T,T,0.0034,0.0,,230517,libA,2,1,1
156,H,A,0.0045,0.3952,27.0,230517,libA,2,1,1
156,H,E,0.0031,-0.163,15.0,230517,libA,2,1,1
156,H,G,0.0035,0.0325,15.0,230517,libA,2,1,1
156,H,H,0.0034,0.0,,230517,libA,2,1,1
156,H,K,0.0037,0.0995,10.0,230517,libA,2,1,1
156,H,M,0.0033,-0.0546,3.0,230517,libA,2,1,1
156,H,N,0.0033,-0.0656,12.0,230517,libA,2,1,1
156,H,P,0.0032,-0.0948,5.0,230517,libA,2,1,1
156,H,Q,0.0026,-0.3932,24.0,230517,libA,2,1,1
156,H,S,0.003,-0.2083,32.0,230517,libA,2,1,1
157,L,A,0.0026,-0.4149,29.0,230517,libA,2,1,1
157,L,D,0.0033,-0.0489,40.0,230517,libA,2,1,1
157,L,E,0.0029,-0.2575,35.0,230517,libA,2,1,1
157,L,F,0.0031,-0.1594,13.0,230517,libA,2,1,1
157,L,G,0.0031,-0.1449,16.0,230517,libA,2,1,1
157,L,H,0.0031,-0.168,19.0,230517,libA,2,1,1
157,L,K,0.0031,-0.1699,41.0,230517,libA,2,1,1
157,L,L,0.0034,0.0,,230517,libA,2,1,1
157,L,M,0.003,-0.1891,40.0,230517,libA,2,1,1
157,L,N,0.0033,-0.0747,35.0,230517,libA,2,1,1
157,L,Q,0.0032,-0.0972,40.0,230517,libA,2,1,1
157,L,S,0.0032,-0.1108,50.0,230517,libA,2,1,1
157,L,T,0.0032,-0.0878,27.0,230517,libA,2,1,1
157,L,V,0.0034,-0.0116,1.0,230517,libA,2,1,1
157,L,Y,0.0032,-0.0901,38.0,230517,libA,2,1,1
158,N,D,0.0025,-0.4757,20.0,230517,libA,2,1,1
158,N,E,0.0027,-0.377,12.0,230517,libA,2,1,1
158,N,G,0.0032,-0.1217,6.0,230517,libA,2,1,1
158,N,K,0.0029,-0.2292,9.0,230517,libA,2,1,1
158,N,N,0.0034,0.0,,230517,libA,2,1,1
159,Y,*,0.0029,-0.2328,77.0,230517,libA,2,1,1
159,Y,A,0.0034,-0.0389,77.0,230517,libA,2,1,1
159,Y,C,0.0035,0.0159,16.0,230517,libA,2,1,1
159,Y,D,0.0056,0.6932,69.0,230517,libA,2,1,1
159,Y,E,0.004,0.2108,62.0,230517,libA,2,1,1
159,Y,F,0.0037,0.0909,96.0,230517,libA,2,1,1
159,Y,G,0.0053,0.6167,131.0,230517,libA,2,1,1
159,Y,H,0.0045,0.3894,95.0,230517,libA,2,1,1
159,Y,I,0.0032,-0.0882,6.0,230517,libA,2,1,1
159,Y,K,0.0046,0.4062,88.0,230517,libA,2,1,1
159,Y,L,0.0031,-0.1682,80.0,230517,libA,2,1,1
159,Y,M,0.0034,0.0011,64.0,230517,libA,2,1,1
159,Y,N,0.0039,0.1687,119.0,230517,libA,2,1,1
159,Y,P,0.0031,-0.1427,11.0,230517,libA,2,1,1
159,Y,Q,0.0034,0.0024,72.0,230517,libA,2,1,1
159,Y,R,0.0038,0.133,147.0,230517,libA,2,1,1
159,Y,S,0.0041,0.2616,205.0,230517,libA,2,1,1
159,Y,T,0.0032,-0.1231,62.0,230517,libA,2,1,1
159,Y,V,0.0031,-0.1645,44.0,230517,libA,2,1,1
159,Y,W,0.0034,-0.0073,34.0,230517,libA,2,1,1
159,Y,Y,0.0034,0.0,,230517,libA,2,1,1
16,G,G,0.0034,0.0,,230517,libA,2,1,1
16,G,V,0.0032,-0.1111,2.0,230517,libA,2,1,1
16,G,W,0.003,-0.1969,9.0,230517,libA,2,1,1
160,T,*,0.0026,-0.3929,59.0,230517,libA,2,1,1
160,T,A,0.0027,-0.3339,84.0,230517,libA,2,1,1
160,T,C,0.0032,-0.1023,8.0,230517,libA,2,1,1
160,T,D,0.0025,-0.446,41.0,230517,libA,2,1,1
160,T,E,0.0024,-0.5341,64.0,230517,libA,2,1,1
160,T,F,0.0035,0.0171,29.0,230517,libA,2,1,1
160,T,G,0.0022,-0.6558,43.0,230517,libA,2,1,1
160,T,H,0.0024,-0.5158,78.0,230517,libA,2,1,1
160,T,I,0.0029,-0.2474,34.0,230517,libA,2,1,1
160,T,K,0.0026,-0.4192,188.0,230517,libA,2,1,1
160,T,L,0.0029,-0.2251,62.0,230517,libA,2,1,1
160,T,M,0.0029,-0.2467,61.0,230517,libA,2,1,1
160,T,N,0.0027,-0.3545,76.0,230517,libA,2,1,1
160,T,P,0.0027,-0.3395,7.0,230517,libA,2,1,1
160,T,Q,0.0025,-0.4395,79.0,230517,libA,2,1,1
160,T,R,0.0026,-0.4236,121.0,230517,libA,2,1,1
160,T,S,0.0033,-0.072,206.0,230517,libA,2,1,1
160,T,T,0.0034,0.0,,230517,libA,2,1,1
160,T,V,0.0028,-0.2864,63.0,230517,libA,2,1,1
160,T,W,0.0035,0.0102,10.0,230517,libA,2,1,1
160,T,Y,0.0029,-0.2536,27.0,230517,libA,2,1,1
161,Y,C,0.0034,-0.0236,1.0,230517,libA,2,1,1
161,Y,F,0.0032,-0.0887,11.0,230517,libA,2,1,1
161,Y,H,0.003,-0.1957,8.0,230517,libA,2,1,1
161,Y,M,0.0035,0.0423,8.0,230517,libA,2,1,1
161,Y,W,0.0035,0.0296,14.0,230517,libA,2,1,1
161,Y,Y,0.0034,0.0,,230517,libA,2,1,1
162,P,D,0.0035,0.0354,16.0,230517,libA,2,1,1
162,P,P,0.0034,0.0,,230517,libA,2,1,1
162,P,Q,0.0038,0.1546,6.0,230517,libA,2,1,1
162,P,T,0.0037,0.1065,2.0,230517,libA,2,1,1
163,A,A,0.0034,0.0,,230517,libA,2,1,1
163,A,D,0.0029,-0.237,64.0,230517,libA,2,1,1
163,A,E,0.0031,-0.1675,48.0,230517,libA,2,1,1
163,A,F,0.0029,-0.2345,45.0,230517,libA,2,1,1
163,A,H,0.0038,0.1567,47.0,230517,libA,2,1,1
163,A,I,0.0027,-0.3474,46.0,230517,libA,2,1,1
163,A,L,0.0027,-0.3606,25.0,230517,libA,2,1,1
163,A,M,0.0027,-0.3342,32.0,230517,libA,2,1,1
163,A,N,0.003,-0.195,35.0,230517,libA,2,1,1
163,A,P,0.0037,0.1166,22.0,230517,libA,2,1,1
163,A,Q,0.0032,-0.1012,56.0,230517,libA,2,1,1
163,A,S,0.0036,0.0612,71.0,230517,libA,2,1,1
163,A,T,0.003,-0.1905,59.0,230517,libA,2,1,1
163,A,V,0.0029,-0.2274,39.0,230517,libA,2,1,1
163,A,W,0.0034,-0.0149,21.0,230517,libA,2,1,1
163,A,Y,0.0035,0.0033,60.0,230517,libA,2,1,1
164,L,F,0.0035,0.0374,16.0,230517,libA,2,1,1
164,L,H,0.0031,-0.1352,13.0,230517,libA,2,1,1
164,L,I,0.0034,-0.0225,38.0,230517,libA,2,1,1
164,L,L,0.0034,0.0,,230517,libA,2,1,1
164,L,Q,0.0037,0.122,60.0,230517,libA,2,1,1
165,N,E,0.0026,-0.395,28.0,230517,libA,2,1,1
165,N,K,0.0032,-0.1159,3.0,230517,libA,2,1,1
165,N,N,0.0034,0.0,,230517,libA,2,1,1
166,V,A,0.003,-0.2158,39.0,230517,libA,2,1,1
166,V,M,0.0034,-0.0337,3.0,230517,libA,2,1,1
166,V,V,0.0034,0.0,,230517,libA,2,1,1
167,T,A,0.0032,-0.0943,5.0,230517,libA,2,1,1
167,T,N,0.0034,-0.0207,2.0,230517,libA,2,1,1
167,T,S,0.0031,-0.1578,33.0,230517,libA,2,1,1
167,T,T,0.0034,0.0,,230517,libA,2,1,1
168,M,I,0.0034,-0.0036,20.0,230517,libA,2,1,1
168,M,M,0.0034,0.0,,230517,libA,2,1,1
168,M,Q,0.0031,-0.151,15.0,230517,libA,2,1,1
169,P,L,0.0034,-0.005,1.0,230517,libA,2,1,1
169,P,P,0.0034,0.0,,230517,libA,2,1,1
169,P,Q,0.0034,-0.0191,12.0,230517,libA,2,1,1
169,P,S,0.003,-0.2108,15.0,230517,libA,2,1,1
17,H,H,0.0034,0.0,,230517,libA,2,1,1
17,H,R,0.0033,-0.0587,6.0,230517,libA,2,1,1
17,H,Y,0.0034,-0.0138,1.0,230517,libA,2,1,1
171,K,*,0.0032,-0.1001,10.0,230517,libA,2,1,1
171,K,A,0.003,-0.2029,25.0,230517,libA,2,1,1
171,K,C,0.0027,-0.339,11.0,230517,libA,2,1,1
171,K,D,0.0035,0.0137,21.0,230517,libA,2,1,1
171,K,E,0.0035,0.0139,12.0,230517,libA,2,1,1
171,K,F,0.0039,0.1935,18.0,230517,libA,2,1,1
171,K,G,0.0035,0.0034,12.0,230517,libA,2,1,1
171,K,H,0.0033,-0.0471,36.0,230517,libA,2,1,1
171,K,I,0.0029,-0.2625,17.0,230517,libA,2,1,1
171,K,K,0.0034,0.0,,230517,libA,2,1,1
171,K,L,0.0035,0.0279,32.0,230517,libA,2,1,1
171,K,M,0.0031,-0.1631,19.0,230517,libA,2,1,1
171,K,N,0.0035,0.0393,179.0,230517,libA,2,1,1
171,K,P,0.0034,-0.015,6.0,230517,libA,2,1,1
171,K,Q,0.0035,0.0356,60.0,230517,libA,2,1,1
171,K,R,0.0034,-0.0127,49.0,230517,libA,2,1,1
171,K,S,0.0038,0.1243,55.0,230517,libA,2,1,1
171,K,T,0.0037,0.1086,76.0,230517,libA,2,1,1
171,K,V,0.0038,0.1309,25.0,230517,libA,2,1,1
171,K,W,0.0032,-0.1219,11.0,230517,libA,2,1,1
171,K,Y,0.0038,0.1295,52.0,230517,libA,2,1,1
172,E,*,0.0033,-0.0766,4.0,230517,libA,2,1,1
172,E,D,0.0034,-0.0085,25.0,230517,libA,2,1,1
172,E,E,0.0034,0.0,,230517,libA,2,1,1
172,E,G,0.0034,-0.0069,12.0,230517,libA,2,1,1
172,E,K,0.0034,-0.0187,1.0,230517,libA,2,1,1
172,E,Q,0.0032,-0.088,12.0,230517,libA,2,1,1
172,E,V,0.0034,-0.0158,2.0,230517,libA,2,1,1
173,Q,A,0.0032,-0.0981,18.0,230517,libA,2,1,1
173,Q,C,0.0035,0.0238,10.0,230517,libA,2,1,1
173,Q,D,0.0038,0.1346,21.0,230517,libA,2,1,1
173,Q,E,0.0045,0.4025,19.0,230517,libA,2,1,1
173,Q,F,0.0029,-0.2299,10.0,230517,libA,2,1,1
173,Q,G,0.0036,0.0625,20.0,230517,libA,2,1,1
173,Q,H,0.0035,0.005,28.0,230517,libA,2,1,1
173,Q,I,0.0034,-0.0089,14.0,230517,libA,2,1,1
173,Q,K,0.0034,-0.0181,31.0,230517,libA,2,1,1
173,Q,L,0.0032,-0.0889,16.0,230517,libA,2,1,1
173,Q,M,0.0037,0.102,5.0,230517,libA,2,1,1
173,Q,N,0.0037,0.0981,31.0,230517,libA,2,1,1
173,Q,P,0.0035,0.0195,26.0,230517,libA,2,1,1
173,Q,Q,0.0034,0.0,,230517,libA,2,1,1
173,Q,S,0.0029,-0.2529,26.0,230517,libA,2,1,1
173,Q,T,0.0031,-0.1638,24.0,230517,libA,2,1,1
173,Q,V,0.0034,-0.0327,7.0,230517,libA,2,1,1
173,Q,W,0.0037,0.1223,12.0,230517,libA,2,1,1
173,Q,Y,0.0031,-0.1434,18.0,230517,libA,2,1,1
174,F,F,0.0034,0.0,,230517,libA,2,1,1
174,F,H,0.0029,-0.2406,54.0,230517,libA,2,1,1
174,F,Y,0.0035,0.0132,57.0,230517,libA,2,1,1
175,D,D,0.0034,0.0,,230517,libA,2,1,1
175,D,E,0.0033,-0.0502,2.0,230517,libA,2,1,1
175,D,G,0.0037,0.0993,2.0,230517,libA,2,1,1
175,D,T,0.0033,-0.0674,59.0,230517,libA,2,1,1
175,D,Y,0.0034,-0.0157,1.0,230517,libA,2,1,1
178,Y,*,0.0034,-0.0169,1.0,230517,libA,2,1,1
178,Y,C,0.0038,0.1338,2.0,230517,libA,2,1,1
178,Y,Y,0.0034,0.0,,230517,libA,2,1,1
179,I,I,0.0034,0.0,,230517,libA,2,1,1
179,I,V,0.0028,-0.2872,66.0,230517,libA,2,1,1
18,H,D,0.0034,-0.0233,1.0,230517,libA,2,1,1
18,H,H,0.0034,0.0,,230517,libA,2,1,1
18,H,I,0.0033,-0.0499,23.0,230517,libA,2,1,1
18,H,L,0.0034,-0.0218,1.0,230517,libA,2,1,1
18,H,N,0.0028,-0.2824,8.0,230517,libA,2,1,1
18,H,Q,0.0032,-0.0899,28.0,230517,libA,2,1,1
18,H,Y,0.0034,-0.0115,21.0,230517,libA,2,1,1
180,W,L,0.0034,0.0001,2.0,230517,libA,2,1,1
180,W,W,0.0034,0.0,,230517,libA,2,1,1
181,G,G,0.0034,0.0,,230517,libA,2,1,1
181,G,V,0.0036,0.0524,1.0,230517,libA,2,1,1
181,G,W,0.0034,0.0006,1.0,230517,libA,2,1,1
182,V,I,0.0036,0.0476,5.0,230517,libA,2,1,1
182,V,V,0.0034,0.0,,230517,libA,2,1,1
183,H,E,0.0035,0.0103,5.0,230517,libA,2,1,1
183,H,F,0.0033,-0.0458,5.0,230517,libA,2,1,1
183,H,H,0.0034,0.0,,230517,libA,2,1,1
183,H,L,0.0032,-0.1003,5.0,230517,libA,2,1,1
183,H,M,0.0038,0.1484,4.0,230517,libA,2,1,1
183,H,R,0.0034,-0.0299,1.0,230517,libA,2,1,1
183,H,V,0.0033,-0.0465,4.0,230517,libA,2,1,1
183,H,W,0.0032,-0.0965,4.0,230517,libA,2,1,1
183,H,Y,0.0034,-0.0237,1.0,230517,libA,2,1,1
184,H,E,0.0028,-0.2974,61.0,230517,libA,2,1,1
184,H,H,0.0034,0.0,,230517,libA,2,1,1
184,H,N,0.0029,-0.2329,100.0,230517,libA,2,1,1
184,H,Q,0.0035,0.0272,3.0,230517,libA,2,1,1
184,H,Y,0.0033,-0.0625,1.0,230517,libA,2,1,1
185,P,P,0.0034,0.0,,230517,libA,2,1,1
185,P,Q,0.0033,-0.067,4.0,230517,libA,2,1,1
185,P,T,0.0033,-0.065,6.0,230517,libA,2,1,1
186,G,*,0.0033,-0.059,4.0,230517,libA,2,1,1
186,G,A,0.0034,-0.0097,71.0,230517,libA,2,1,1
186,G,C,0.0037,0.1224,47.0,230517,libA,2,1,1
186,G,D,0.0034,0.0018,77.0,230517,libA,2,1,1
186,G,E,0.0033,-0.042,59.0,230517,libA,2,1,1
186,G,F,0.0031,-0.1629,6.0,230517,libA,2,1,1
186,G,G,0.0034,0.0,,230517,libA,2,1,1
186,G,H,0.0041,0.2383,40.0,230517,libA,2,1,1
186,G,I,0.0033,-0.0766,28.0,230517,libA,2,1,1
186,G,K,0.0024,-0.4963,31.0,230517,libA,2,1,1
186,G,L,0.003,-0.1904,15.0,230517,libA,2,1,1
186,G,M,0.0031,-0.1393,31.0,230517,libA,2,1,1
186,G,N,0.0029,-0.2584,59.0,230517,libA,2,1,1
186,G,P,0.0038,0.1255,41.0,230517,libA,2,1,1
186,G,Q,0.0036,0.062,3.0,230517,libA,2,1,1
186,G,R,0.0027,-0.3435,29.0,230517,libA,2,1,1
186,G,S,0.0032,-0.1016,41.0,230517,libA,2,1,1
186,G,T,0.0031,-0.157,13.0,230517,libA,2,1,1
186,G,V,0.0028,-0.2977,49.0,230517,libA,2,1,1
186,G,W,0.0032,-0.1242,9.0,230517,libA,2,1,1
186,G,Y,0.0033,-0.073,9.0,230517,libA,2,1,1
187,T,A,0.0038,0.1547,34.0,230517,libA,2,1,1
187,T,D,0.003,-0.2197,36.0,230517,libA,2,1,1
187,T,E,0.0034,0.0027,20.0,230517,libA,2,1,1
187,T,K,0.0034,-0.0378,1.0,230517,libA,2,1,1
187,T,N,0.0032,-0.1176,33.0,230517,libA,2,1,1
187,T,S,0.0031,-0.15,120.0,230517,libA,2,1,1
187,T,T,0.0034,0.0,,230517,libA,2,1,1
188,D,A,0.0031,-0.132,41.0,230517,libA,2,1,1
188,D,D,0.0034,0.0,,230517,libA,2,1,1
188,D,E,0.0033,-0.0673,68.0,230517,libA,2,1,1
188,D,F,0.0028,-0.2783,32.0,230517,libA,2,1,1
188,D,H,0.0032,-0.0863,31.0,230517,libA,2,1,1
188,D,I,0.0031,-0.1429,34.0,230517,libA,2,1,1
188,D,L,0.0028,-0.3228,30.0,230517,libA,2,1,1
188,D,M,0.0028,-0.3026,35.0,230517,libA,2,1,1
188,D,N,0.0029,-0.2558,43.0,230517,libA,2,1,1
188,D,Q,0.0032,-0.0837,23.0,230517,libA,2,1,1
188,D,S,0.0034,-0.0339,36.0,230517,libA,2,1,1
188,D,T,0.0036,0.0675,39.0,230517,libA,2,1,1
188,D,V,0.003,-0.2004,12.0,230517,libA,2,1,1
188,D,W,0.0032,-0.1274,13.0,230517,libA,2,1,1
188,D,Y,0.003,-0.2201,51.0,230517,libA,2,1,1
189,K,A,0.0037,0.0859,42.0,230517,libA,2,1,1
189,K,D,0.0047,0.4539,30.0,230517,libA,2,1,1
189,K,E,0.0036,0.0773,54.0,230517,libA,2,1,1
189,K,F,0.0027,-0.3738,43.0,230517,libA,2,1,1
189,K,G,0.0036,0.0738,20.0,230517,libA,2,1,1
189,K,H,0.0034,-0.0264,31.0,230517,libA,2,1,1
189,K,I,0.0023,-0.6025,53.0,230517,libA,2,1,1
189,K,K,0.0034,0.0,,230517,libA,2,1,1
189,K,L,0.0029,-0.2293,33.0,230517,libA,2,1,1
189,K,M,0.0029,-0.2505,54.0,230517,libA,2,1,1
189,K,N,0.0033,-0.0437,107.0,230517,libA,2,1,1
189,K,Q,0.0033,-0.0579,59.0,230517,libA,2,1,1
189,K,R,0.0032,-0.0985,58.0,230517,libA,2,1,1
189,K,S,0.0039,0.1814,31.0,230517,libA,2,1,1
189,K,T,0.0027,-0.3425,46.0,230517,libA,2,1,1
189,K,V,0.0026,-0.4217,67.0,230517,libA,2,1,1
189,K,Y,0.0027,-0.3261,36.0,230517,libA,2,1,1
19,A,A,0.0034,0.0,,230517,libA,2,1,1
19,A,E,0.0034,-0.0212,1.0,230517,libA,2,1,1
19,A,N,0.0033,-0.0828,26.0,230517,libA,2,1,1
19,A,S,0.0033,-0.0571,58.0,230517,libA,2,1,1
19,A,T,0.0035,0.0045,51.0,230517,libA,2,1,1
19,A,V,0.0031,-0.1724,17.0,230517,libA,2,1,1
190,D,*,0.0031,-0.1337,15.0,230517,libA,2,1,1
190,D,A,0.0032,-0.0918,19.0,230517,libA,2,1,1
190,D,C,0.0033,-0.076,3.0,230517,libA,2,1,1
190,D,D,0.0034,0.0,,230517,libA,2,1,1
190,D,E,0.003,-0.1844,38.0,230517,libA,2,1,1
190,D,F,0.0033,-0.0529,2.0,230517,libA,2,1,1
190,D,G,0.0029,-0.2455,18.0,230517,libA,2,1,1
190,D,H,0.0029,-0.2524,8.0,230517,libA,2,1,1
190,D,I,0.0034,-0.0162,9.0,230517,libA,2,1,1
190,D,K,0.0035,0.0087,3.0,230517,libA,2,1,1
190,D,L,0.0035,0.0221,21.0,230517,libA,2,1,1
190,D,M,0.0034,-0.011,2.0,230517,libA,2,1,1
190,D,N,0.0025,-0.4896,28.0,230517,libA,2,1,1
190,D,P,0.0034,0.0032,1.0,230517,libA,2,1,1
190,D,Q,0.0036,0.0512,2.0,230517,libA,2,1,1
190,D,R,0.0036,0.0524,8.0,230517,libA,2,1,1
190,D,S,0.0032,-0.1079,17.0,230517,libA,2,1,1
190,D,T,0.0033,-0.0583,15.0,230517,libA,2,1,1
190,D,V,0.0026,-0.3795,16.0,230517,libA,2,1,1
190,D,Y,0.0031,-0.1557,10.0,230517,libA,2,1,1
191,Q,*,0.0036,0.0481,1.0,230517,libA,2,1,1
191,Q,K,0.0037,0.095,1.0,230517,libA,2,1,1
191,Q,Q,0.0034,0.0,,230517,libA,2,1,1
191,Q,S,0.0034,-0.0299,9.0,230517,libA,2,1,1
192,I,*,0.0036,0.0532,13.0,230517,libA,2,1,1
192,I,A,0.0034,-0.0237,52.0,230517,libA,2,1,1
192,I,C,0.0029,-0.2345,11.0,230517,libA,2,1,1
192,I,D,0.0035,0.0232,40.0,230517,libA,2,1,1
192,I,E,0.0047,0.4591,39.0,230517,libA,2,1,1
192,I,F,0.0037,0.0922,104.0,230517,libA,2,1,1
192,I,G,0.0033,-0.068,20.0,230517,libA,2,1,1
192,I,H,0.0044,0.3536,70.0,230517,libA,2,1,1
192,I,I,0.0034,0.0,,230517,libA,2,1,1
192,I,K,0.0044,0.355,74.0,230517,libA,2,1,1
192,I,L,0.0036,0.0523,156.0,230517,libA,2,1,1
192,I,M,0.0046,0.4179,73.0,230517,libA,2,1,1
192,I,N,0.0035,0.0179,93.0,230517,libA,2,1,1
192,I,P,0.0031,-0.1549,10.0,230517,libA,2,1,1
192,I,Q,0.0049,0.5008,48.0,230517,libA,2,1,1
192,I,R,0.0039,0.1626,79.0,230517,libA,2,1,1
192,I,S,0.0034,-0.0218,124.0,230517,libA,2,1,1
192,I,T,0.004,0.2172,110.0,230517,libA,2,1,1
192,I,V,0.0035,0.0389,73.0,230517,libA,2,1,1
192,I,W,0.0037,0.1177,9.0,230517,libA,2,1,1
192,I,Y,0.0041,0.2567,127.0,230517,libA,2,1,1
193,S,*,0.0034,-0.0223,18.0,230517,libA,2,1,1
193,S,A,0.0038,0.1476,90.0,230517,libA,2,1,1
193,S,C,0.0037,0.0948,5.0,230517,libA,2,1,1
193,S,D,0.0067,0.9611,66.0,230517,libA,2,1,1
193,S,E,0.0048,0.483,52.0,230517,libA,2,1,1
193,S,F,0.0035,0.0348,53.0,230517,libA,2,1,1
193,S,G,0.004,0.2014,44.0,230517,libA,2,1,1
193,S,H,0.0029,-0.2487,58.0,230517,libA,2,1,1
193,S,I,0.0028,-0.2835,15.0,230517,libA,2,1,1
193,S,K,0.0029,-0.2716,17.0,230517,libA,2,1,1
193,S,L,0.0028,-0.3159,93.0,230517,libA,2,1,1
193,S,M,0.0025,-0.483,40.0,230517,libA,2,1,1
193,S,N,0.0036,0.0712,99.0,230517,libA,2,1,1
193,S,P,0.0035,0.0087,3.0,230517,libA,2,1,1
193,S,Q,0.0036,0.0447,36.0,230517,libA,2,1,1
193,S,R,0.0023,-0.5898,79.0,230517,libA,2,1,1
193,S,S,0.0034,0.0,,230517,libA,2,1,1
193,S,T,0.003,-0.1788,91.0,230517,libA,2,1,1
193,S,V,0.0031,-0.1431,8.0,230517,libA,2,1,1
193,S,W,0.0035,0.022,2.0,230517,libA,2,1,1
193,S,Y,0.0034,-0.0304,25.0,230517,libA,2,1,1
194,L,L,0.0034,0.0,,230517,libA,2,1,1
194,L,M,0.0031,-0.1431,10.0,230517,libA,2,1,1
194,L,Q,0.0035,0.0275,1.0,230517,libA,2,1,1
195,Y,E,0.0032,-0.1106,5.0,230517,libA,2,1,1
195,Y,F,0.0034,-0.0195,4.0,230517,libA,2,1,1
195,Y,G,0.0036,0.0488,2.0,230517,libA,2,1,1
195,Y,H,0.0032,-0.1091,4.0,230517,libA,2,1,1
195,Y,I,0.0035,0.0167,4.0,230517,libA,2,1,1
195,Y,K,0.0034,-0.0359,1.0,230517,libA,2,1,1
195,Y,N,0.0034,-0.0089,6.0,230517,libA,2,1,1
195,Y,Q,0.0036,0.0457,3.0,230517,libA,2,1,1
195,Y,R,0.0034,-0.0207,1.0,230517,libA,2,1,1
195,Y,S,0.0033,-0.0415,5.0,230517,libA,2,1,1
195,Y,T,0.0037,0.1036,1.0,230517,libA,2,1,1
195,Y,Y,0.0034,0.0,,230517,libA,2,1,1
196,A,-,0.0034,-0.0387,1.0,230517,libA,2,1,1
196,A,A,0.0034,0.0,,230517,libA,2,1,1
196,A,D,0.0035,0.0114,8.0,230517,libA,2,1,1
196,A,E,0.0033,-0.0733,4.0,230517,libA,2,1,1
196,A,G,0.0037,0.0903,23.0,230517,libA,2,1,1
196,A,N,0.0035,0.019,9.0,230517,libA,2,1,1
196,A,P,0.0033,-0.0476,5.0,230517,libA,2,1,1
196,A,Q,0.0034,-0.0021,17.0,230517,libA,2,1,1
196,A,S,0.0033,-0.0659,23.0,230517,libA,2,1,1
196,A,T,0.0033,-0.0673,8.0,230517,libA,2,1,1
196,A,V,0.0033,-0.0548,16.0,230517,libA,2,1,1
196,A,W,0.0035,0.0213,5.0,230517,libA,2,1,1
197,Q,*,0.0032,-0.1227,36.0,230517,libA,2,1,1
197,Q,A,0.0036,0.0545,29.0,230517,libA,2,1,1
197,Q,C,0.0031,-0.1292,22.0,230517,libA,2,1,1
197,Q,D,0.0035,0.0307,15.0,230517,libA,2,1,1
197,Q,E,0.003,-0.2033,28.0,230517,libA,2,1,1
197,Q,F,0.0025,-0.4772,19.0,230517,libA,2,1,1
197,Q,G,0.003,-0.2078,44.0,230517,libA,2,1,1
197,Q,H,0.0037,0.1191,93.0,230517,libA,2,1,1
197,Q,I,0.0039,0.1833,37.0,230517,libA,2,1,1
197,Q,K,0.0033,-0.0506,95.0,230517,libA,2,1,1
197,Q,L,0.0026,-0.4148,50.0,230517,libA,2,1,1
197,Q,M,0.0033,-0.0445,29.0,230517,libA,2,1,1
197,Q,N,0.0035,0.0256,43.0,230517,libA,2,1,1
197,Q,P,0.0035,0.0045,15.0,230517,libA,2,1,1
197,Q,Q,0.0034,0.0,,230517,libA,2,1,1
197,Q,R,0.0033,-0.0622,125.0,230517,libA,2,1,1
197,Q,S,0.0033,-0.0432,76.0,230517,libA,2,1,1
197,Q,T,0.0036,0.0783,82.0,230517,libA,2,1,1
197,Q,V,0.0036,0.0623,50.0,230517,libA,2,1,1
197,Q,W,0.0034,-0.008,13.0,230517,libA,2,1,1
197,Q,Y,0.0034,-0.0245,29.0,230517,libA,2,1,1
198,S,*,0.0026,-0.4225,49.0,230517,libA,2,1,1
198,S,A,0.0034,-0.0068,50.0,230517,libA,2,1,1
198,S,C,0.0033,-0.0778,21.0,230517,libA,2,1,1
198,S,D,0.0033,-0.0718,43.0,230517,libA,2,1,1
198,S,E,0.0035,0.0126,69.0,230517,libA,2,1,1
198,S,F,0.0034,-0.027,54.0,230517,libA,2,1,1
198,S,G,0.003,-0.1986,65.0,230517,libA,2,1,1
198,S,H,0.003,-0.1854,35.0,230517,libA,2,1,1
198,S,I,0.0031,-0.165,56.0,230517,libA,2,1,1
198,S,K,0.004,0.2021,99.0,230517,libA,2,1,1
198,S,L,0.003,-0.2147,100.0,230517,libA,2,1,1
198,S,M,0.0033,-0.0809,62.0,230517,libA,2,1,1
198,S,N,0.0037,0.0956,80.0,230517,libA,2,1,1
198,S,P,0.0032,-0.0948,61.0,230517,libA,2,1,1
198,S,Q,0.0036,0.0592,72.0,230517,libA,2,1,1
198,S,R,0.0034,-0.0108,101.0,230517,libA,2,1,1
198,S,S,0.0034,0.0,,230517,libA,2,1,1
198,S,T,0.0033,-0.0611,55.0,230517,libA,2,1,1
198,S,V,0.003,-0.1919,45.0,230517,libA,2,1,1
198,S,W,0.0032,-0.0838,29.0,230517,libA,2,1,1
198,S,Y,0.0029,-0.2537,84.0,230517,libA,2,1,1
199,S,*,0.0034,-0.0266,5.0,230517,libA,2,1,1
199,S,A,0.004,0.2,55.0,230517,libA,2,1,1
199,S,D,0.0038,0.1436,35.0,230517,libA,2,1,1
199,S,E,0.0032,-0.108,47.0,230517,libA,2,1,1
199,S,G,0.0032,-0.1152,19.0,230517,libA,2,1,1
199,S,H,0.0037,0.1026,22.0,230517,libA,2,1,1
199,S,I,0.0033,-0.0745,59.0,230517,libA,2,1,1
199,S,K,0.0038,0.1242,37.0,230517,libA,2,1,1
199,S,L,0.0033,-0.0823,40.0,230517,libA,2,1,1
199,S,M,0.0033,-0.0815,24.0,230517,libA,2,1,1
199,S,N,0.0029,-0.2354,36.0,230517,libA,2,1,1
199,S,P,0.0031,-0.1704,31.0,230517,libA,2,1,1
199,S,Q,0.0035,0.0036,31.0,230517,libA,2,1,1
199,S,S,0.0034,0.0,,230517,libA,2,1,1
199,S,T,0.004,0.2165,30.0,230517,libA,2,1,1
199,S,V,0.0034,-0.0241,13.0,230517,libA,2,1,1
199,S,W,0.0032,-0.0928,11.0,230517,libA,2,1,1
199,S,Y,0.0032,-0.1164,33.0,230517,libA,2,1,1
2,K,E,0.0034,-0.0225,1.0,230517,libA,2,1,1
2,K,K,0.0034,0.0,,230517,libA,2,1,1
2,K,N,0.0035,0.0145,3.0,230517,libA,2,1,1
2,K,R,0.0035,0.0144,1.0,230517,libA,2,1,1
20,V,A,0.0034,-0.0268,1.0,230517,libA,2,1,1
20,V,F,0.0032,-0.1116,10.0,230517,libA,2,1,1
20,V,I,0.0035,0.0277,8.0,230517,libA,2,1,1
20,V,L,0.0034,-0.0209,1.0,230517,libA,2,1,1
20,V,V,0.0034,0.0,,230517,libA,2,1,1
200,G,*,0.0033,-0.0792,10.0,230517,libA,2,1,1
200,G,A,0.0036,0.0728,22.0,230517,libA,2,1,1
200,G,G,0.0034,0.0,,230517,libA,2,1,1
200,G,M,0.0033,-0.0638,9.0,230517,libA,2,1,1
200,G,N,0.0035,0.0218,15.0,230517,libA,2,1,1
200,G,P,0.0031,-0.1648,52.0,230517,libA,2,1,1
200,G,R,0.0036,0.0495,1.0,230517,libA,2,1,1
200,G,S,0.0034,-0.0015,30.0,230517,libA,2,1,1
200,G,T,0.0037,0.0872,45.0,230517,libA,2,1,1
200,G,V,0.0034,-0.0378,2.0,230517,libA,2,1,1
201,R,A,0.0034,-0.0078,28.0,230517,libA,2,1,1
201,R,D,0.0033,-0.0418,14.0,230517,libA,2,1,1
201,R,E,0.0029,-0.2333,22.0,230517,libA,2,1,1
201,R,F,0.0029,-0.2562,33.0,230517,libA,2,1,1
201,R,G,0.0033,-0.0449,48.0,230517,libA,2,1,1
201,R,H,0.0038,0.1324,34.0,230517,libA,2,1,1
201,R,I,0.0034,-0.0368,33.0,230517,libA,2,1,1
201,R,K,0.0034,-0.0161,38.0,230517,libA,2,1,1
201,R,L,0.0037,0.1002,30.0,230517,libA,2,1,1
201,R,M,0.0031,-0.1497,36.0,230517,libA,2,1,1
201,R,N,0.003,-0.1927,17.0,230517,libA,2,1,1
201,R,P,0.0035,0.0258,41.0,230517,libA,2,1,1
201,R,Q,0.0033,-0.0417,41.0,230517,libA,2,1,1
201,R,R,0.0034,0.0,,230517,libA,2,1,1
201,R,S,0.0034,-0.029,43.0,230517,libA,2,1,1
201,R,T,0.0035,0.0247,55.0,230517,libA,2,1,1
201,R,V,0.0035,0.0044,27.0,230517,libA,2,1,1
201,R,W,0.0033,-0.0782,30.0,230517,libA,2,1,1
202,I,I,0.0034,0.0,,230517,libA,2,1,1
202,I,T,0.0032,-0.1159,17.0,230517,libA,2,1,1
202,I,V,0.0031,-0.1623,31.0,230517,libA,2,1,1
203,T,A,0.0035,0.0128,11.0,230517,libA,2,1,1
203,T,E,0.0033,-0.058,28.0,230517,libA,2,1,1
203,T,H,0.0031,-0.1712,25.0,230517,libA,2,1,1
203,T,I,0.003,-0.2112,20.0,230517,libA,2,1,1
203,T,M,0.0032,-0.104,15.0,230517,libA,2,1,1
203,T,Q,0.0033,-0.0554,23.0,230517,libA,2,1,1
203,T,S,0.0033,-0.0825,45.0,230517,libA,2,1,1
203,T,T,0.0034,0.0,,230517,libA,2,1,1
203,T,V,0.0036,0.0793,7.0,230517,libA,2,1,1
207,K,A,0.0032,-0.0834,34.0,230517,libA,2,1,1
207,K,G,0.0035,0.0259,37.0,230517,libA,2,1,1
207,K,K,0.0034,0.0,,230517,libA,2,1,1
207,K,M,0.0045,0.3754,31.0,230517,libA,2,1,1
207,K,Q,0.0036,0.0671,49.0,230517,libA,2,1,1
207,K,R,0.0039,0.1757,40.0,230517,libA,2,1,1
207,K,S,0.0034,-0.0238,49.0,230517,libA,2,1,1
207,K,T,0.0032,-0.1087,34.0,230517,libA,2,1,1
208,R,*,0.0041,0.2401,2.0,230517,libA,2,1,1
208,R,A,0.0031,-0.1602,30.0,230517,libA,2,1,1
208,R,D,0.0033,-0.0572,22.0,230517,libA,2,1,1
208,R,E,0.0029,-0.2272,33.0,230517,libA,2,1,1
208,R,F,0.0035,0.0247,31.0,230517,libA,2,1,1
208,R,G,0.0033,-0.05,33.0,230517,libA,2,1,1
208,R,H,0.0033,-0.0422,51.0,230517,libA,2,1,1
208,R,I,0.0031,-0.1296,36.0,230517,libA,2,1,1
208,R,K,0.004,0.2271,40.0,230517,libA,2,1,1
208,R,L,0.0035,0.0151,44.0,230517,libA,2,1,1
208,R,M,0.0033,-0.0409,28.0,230517,libA,2,1,1
208,R,N,0.003,-0.2028,35.0,230517,libA,2,1,1
208,R,Q,0.0032,-0.1143,42.0,230517,libA,2,1,1
208,R,R,0.0034,0.0,,230517,libA,2,1,1
208,R,S,0.0033,-0.0572,33.0,230517,libA,2,1,1
208,R,T,0.0029,-0.2419,36.0,230517,libA,2,1,1
208,R,V,0.0039,0.1834,27.0,230517,libA,2,1,1
208,R,Y,0.0031,-0.1288,22.0,230517,libA,2,1,1
209,S,G,0.0035,0.0046,1.0,230517,libA,2,1,1
209,S,I,0.0034,-0.018,3.0,230517,libA,2,1,1
209,S,N,0.0034,-0.0009,1.0,230517,libA,2,1,1
209,S,R,0.0034,-0.0058,1.0,230517,libA,2,1,1
209,S,S,0.0034,0.0,,230517,libA,2,1,1
209,S,T,0.0036,0.0837,44.0,230517,libA,2,1,1
21,P,A,0.0037,0.1152,34.0,230517,libA,2,1,1
21,P,C,0.0035,0.0077,9.0,230517,libA,2,1,1
21,P,E,0.0034,-0.0369,1.0,230517,libA,2,1,1
21,P,F,0.0033,-0.059,29.0,230517,libA,2,1,1
21,P,G,0.0038,0.1581,10.0,230517,libA,2,1,1
21,P,H,0.0031,-0.1388,27.0,230517,libA,2,1,1
21,P,I,0.0036,0.0605,27.0,230517,libA,2,1,1
21,P,K,0.0036,0.0445,12.0,230517,libA,2,1,1
21,P,L,0.0032,-0.1147,32.0,230517,libA,2,1,1
21,P,M,0.0035,0.0412,15.0,230517,libA,2,1,1
21,P,N,0.0035,0.0311,16.0,230517,libA,2,1,1
21,P,P,0.0034,0.0,,230517,libA,2,1,1
21,P,Q,0.0037,0.1152,48.0,230517,libA,2,1,1
21,P,R,0.0031,-0.1682,18.0,230517,libA,2,1,1
21,P,S,0.0033,-0.057,27.0,230517,libA,2,1,1
21,P,T,0.0037,0.0891,48.0,230517,libA,2,1,1
21,P,V,0.0033,-0.0776,18.0,230517,libA,2,1,1
21,P,W,0.0035,0.0116,8.0,230517,libA,2,1,1
210,Q,E,0.0028,-0.2741,45.0,230517,libA,2,1,1
210,Q,I,0.0033,-0.0802,21.0,230517,libA,2,1,1
210,Q,K,0.0031,-0.1368,14.0,230517,libA,2,1,1
210,Q,Q,0.0034,0.0,,230517,libA,2,1,1
210,Q,V,0.0029,-0.2478,24.0,230517,libA,2,1,1
212,A,A,0.0034,0.0,,230517,libA,2,1,1
212,A,D,0.0028,-0.2805,62.0,230517,libA,2,1,1
212,A,E,0.0025,-0.478,50.0,230517,libA,2,1,1
212,A,G,0.0036,0.0584,1.0,230517,libA,2,1,1
212,A,I,0.0031,-0.1459,36.0,230517,libA,2,1,1
212,A,S,0.0031,-0.1625,6.0,230517,libA,2,1,1
212,A,T,0.0039,0.1968,31.0,230517,libA,2,1,1
212,A,V,0.0033,-0.0627,54.0,230517,libA,2,1,1
213,V,A,0.0037,0.1105,15.0,230517,libA,2,1,1
213,V,I,0.0029,-0.2641,60.0,230517,libA,2,1,1
213,V,V,0.0034,0.0,,230517,libA,2,1,1
214,I,A,0.0036,0.0482,19.0,230517,libA,2,1,1
214,I,D,0.0036,0.0591,1.0,230517,libA,2,1,1
214,I,E,0.0027,-0.3771,27.0,230517,libA,2,1,1
214,I,F,0.0034,-0.0002,30.0,230517,libA,2,1,1
214,I,G,0.0033,-0.0663,6.0,230517,libA,2,1,1
214,I,H,0.0031,-0.1333,30.0,230517,libA,2,1,1
214,I,I,0.0034,0.0,,230517,libA,2,1,1
214,I,K,0.0035,0.024,34.0,230517,libA,2,1,1
214,I,L,0.0034,-0.0001,42.0,230517,libA,2,1,1
214,I,M,0.0031,-0.1639,48.0,230517,libA,2,1,1
214,I,Q,0.0036,0.0505,24.0,230517,libA,2,1,1
214,I,R,0.0036,0.0723,24.0,230517,libA,2,1,1
214,I,S,0.0034,-0.0055,43.0,230517,libA,2,1,1
214,I,T,0.0035,0.0387,47.0,230517,libA,2,1,1
214,I,V,0.0032,-0.1146,18.0,230517,libA,2,1,1
214,I,W,0.0034,-0.0319,17.0,230517,libA,2,1,1
214,I,Y,0.0034,-0.0118,24.0,230517,libA,2,1,1
215,P,A,0.0036,0.0559,36.0,230517,libA,2,1,1
215,P,F,0.0032,-0.111,9.0,230517,libA,2,1,1
215,P,I,0.0029,-0.224,40.0,230517,libA,2,1,1
215,P,M,0.0032,-0.1008,9.0,230517,libA,2,1,1
215,P,N,0.0033,-0.0552,19.0,230517,libA,2,1,1
215,P,P,0.0034,0.0,,230517,libA,2,1,1
215,P,Q,0.0032,-0.0959,3.0,230517,libA,2,1,1
215,P,S,0.0029,-0.25,46.0,230517,libA,2,1,1
215,P,T,0.0031,-0.1402,52.0,230517,libA,2,1,1
215,P,V,0.0033,-0.0507,23.0,230517,libA,2,1,1
216,N,A,0.0031,-0.1495,8.0,230517,libA,2,1,1
216,N,D,0.0035,0.0141,67.0,230517,libA,2,1,1
216,N,E,0.0027,-0.3247,63.0,230517,libA,2,1,1
216,N,F,0.0042,0.2957,36.0,230517,libA,2,1,1
216,N,H,0.0041,0.2428,85.0,230517,libA,2,1,1
216,N,I,0.0036,0.0515,47.0,230517,libA,2,1,1
216,N,K,0.0039,0.1627,81.0,230517,libA,2,1,1
216,N,L,0.0033,-0.0699,59.0,230517,libA,2,1,1
216,N,M,0.0041,0.2549,72.0,230517,libA,2,1,1
216,N,N,0.0034,0.0,,230517,libA,2,1,1
216,N,Q,0.0032,-0.1169,40.0,230517,libA,2,1,1
216,N,R,0.0035,0.0312,84.0,230517,libA,2,1,1
216,N,S,0.0035,0.0298,39.0,230517,libA,2,1,1
216,N,T,0.003,-0.1758,47.0,230517,libA,2,1,1
216,N,V,0.0033,-0.0536,44.0,230517,libA,2,1,1
216,N,Y,0.0035,0.0319,51.0,230517,libA,2,1,1
217,I,D,0.0029,-0.2435,15.0,230517,libA,2,1,1
217,I,E,0.0034,-0.0214,16.0,230517,libA,2,1,1
217,I,F,0.0035,0.0143,14.0,230517,libA,2,1,1
217,I,I,0.0034,0.0,,230517,libA,2,1,1
217,I,L,0.0031,-0.1743,20.0,230517,libA,2,1,1
217,I,M,0.0028,-0.2853,15.0,230517,libA,2,1,1
217,I,Q,0.0032,-0.1046,16.0,230517,libA,2,1,1
217,I,V,0.0035,0.042,16.0,230517,libA,2,1,1
218,G,*,0.0034,-0.0016,10.0,230517,libA,2,1,1
218,G,A,0.0032,-0.1023,26.0,230517,libA,2,1,1
218,G,D,0.003,-0.2215,38.0,230517,libA,2,1,1
218,G,F,0.0026,-0.4209,18.0,230517,libA,2,1,1
218,G,G,0.0034,0.0,,230517,libA,2,1,1
218,G,H,0.0029,-0.2526,30.0,230517,libA,2,1,1
218,G,I,0.0031,-0.1518,64.0,230517,libA,2,1,1
218,G,M,0.0033,-0.0482,27.0,230517,libA,2,1,1
218,G,P,0.0032,-0.1006,16.0,230517,libA,2,1,1
218,G,R,0.0033,-0.0514,4.0,230517,libA,2,1,1
218,G,S,0.0029,-0.2612,23.0,230517,libA,2,1,1
218,G,T,0.0024,-0.5012,38.0,230517,libA,2,1,1
218,G,V,0.0034,-0.0373,41.0,230517,libA,2,1,1
218,G,Y,0.003,-0.2001,34.0,230517,libA,2,1,1
219,S,A,0.0029,-0.2541,18.0,230517,libA,2,1,1
219,S,D,0.003,-0.2101,32.0,230517,libA,2,1,1
219,S,E,0.0035,0.028,33.0,230517,libA,2,1,1
219,S,F,0.0032,-0.0927,32.0,230517,libA,2,1,1
219,S,G,0.0034,-0.0335,19.0,230517,libA,2,1,1
219,S,H,0.0034,-0.0049,35.0,230517,libA,2,1,1
219,S,I,0.0035,0.0363,28.0,230517,libA,2,1,1
219,S,K,0.0028,-0.2754,33.0,230517,libA,2,1,1
219,S,L,0.0033,-0.0455,32.0,230517,libA,2,1,1
219,S,M,0.0033,-0.0828,44.0,230517,libA,2,1,1
219,S,N,0.003,-0.1799,27.0,230517,libA,2,1,1
219,S,P,0.0031,-0.1639,56.0,230517,libA,2,1,1
219,S,Q,0.0035,0.0361,39.0,230517,libA,2,1,1
219,S,S,0.0034,0.0,,230517,libA,2,1,1
219,S,T,0.0032,-0.1012,24.0,230517,libA,2,1,1
219,S,V,0.0036,0.0806,35.0,230517,libA,2,1,1
219,S,Y,0.0033,-0.0728,59.0,230517,libA,2,1,1
22,N,A,0.0033,-0.0527,10.0,230517,libA,2,1,1
22,N,D,0.0033,-0.0555,24.0,230517,libA,2,1,1
22,N,E,0.0034,-0.0071,15.0,230517,libA,2,1,1
22,N,H,0.0031,-0.1672,10.0,230517,libA,2,1,1
22,N,K,0.0033,-0.0426,24.0,230517,libA,2,1,1
22,N,L,0.0033,-0.0793,12.0,230517,libA,2,1,1
22,N,N,0.0034,0.0,,230517,libA,2,1,1
22,N,Q,0.0036,0.067,19.0,230517,libA,2,1,1
22,N,R,0.0034,-0.0125,11.0,230517,libA,2,1,1
22,N,S,0.0033,-0.0593,30.0,230517,libA,2,1,1
22,N,T,0.0036,0.0782,18.0,230517,libA,2,1,1
22,N,W,0.0034,-0.0274,2.0,230517,libA,2,1,1
22,N,Y,0.0032,-0.105,23.0,230517,libA,2,1,1
220,R,A,0.0033,-0.0789,34.0,230517,libA,2,1,1
220,R,C,0.0033,-0.0615,16.0,230517,libA,2,1,1
220,R,D,0.0027,-0.351,17.0,230517,libA,2,1,1
220,R,E,0.0028,-0.3008,18.0,230517,libA,2,1,1
220,R,F,0.0028,-0.2822,31.0,230517,libA,2,1,1
220,R,G,0.0032,-0.1233,8.0,230517,libA,2,1,1
220,R,H,0.0028,-0.294,32.0,230517,libA,2,1,1
220,R,I,0.003,-0.1948,32.0,230517,libA,2,1,1
220,R,K,0.0027,-0.3329,70.0,230517,libA,2,1,1
220,R,L,0.0031,-0.1547,20.0,230517,libA,2,1,1
220,R,M,0.0027,-0.371,30.0,230517,libA,2,1,1
220,R,N,0.0032,-0.083,41.0,230517,libA,2,1,1
220,R,Q,0.0032,-0.0896,49.0,230517,libA,2,1,1
220,R,R,0.0034,0.0,,230517,libA,2,1,1
220,R,S,0.003,-0.2107,32.0,230517,libA,2,1,1
220,R,T,0.003,-0.211,33.0,230517,libA,2,1,1
220,R,V,0.0031,-0.1324,24.0,230517,libA,2,1,1
220,R,W,0.0025,-0.4537,54.0,230517,libA,2,1,1
220,R,Y,0.0032,-0.1247,34.0,230517,libA,2,1,1
221,P,A,0.0035,0.0413,13.0,230517,libA,2,1,1
221,P,H,0.0034,-0.014,13.0,230517,libA,2,1,1
221,P,P,0.0034,0.0,,230517,libA,2,1,1
221,P,S,0.0035,0.0138,2.0,230517,libA,2,1,1
221,P,T,0.0035,0.0434,29.0,230517,libA,2,1,1
222,R,A,0.0031,-0.1476,18.0,230517,libA,2,1,1
222,R,D,0.0031,-0.1444,2.0,230517,libA,2,1,1
222,R,E,0.0034,-0.0377,9.0,230517,libA,2,1,1
222,R,F,0.0028,-0.2901,28.0,230517,libA,2,1,1
222,R,G,0.0031,-0.17,44.0,230517,libA,2,1,1
222,R,H,0.0032,-0.0848,27.0,230517,libA,2,1,1
222,R,I,0.0036,0.0653,42.0,230517,libA,2,1,1
222,R,K,0.0029,-0.236,60.0,230517,libA,2,1,1
222,R,L,0.0031,-0.1731,42.0,230517,libA,2,1,1
222,R,M,0.0029,-0.2292,25.0,230517,libA,2,1,1
222,R,N,0.0033,-0.0685,13.0,230517,libA,2,1,1
222,R,P,0.0029,-0.2233,22.0,230517,libA,2,1,1
222,R,Q,0.0025,-0.4608,32.0,230517,libA,2,1,1
222,R,R,0.0034,0.0,,230517,libA,2,1,1
222,R,S,0.0033,-0.06,30.0,230517,libA,2,1,1
222,R,T,0.0033,-0.0603,34.0,230517,libA,2,1,1
222,R,V,0.0026,-0.4155,33.0,230517,libA,2,1,1
222,R,W,0.003,-0.1947,21.0,230517,libA,2,1,1
222,R,Y,0.0029,-0.2416,43.0,230517,libA,2,1,1
223,I,I,0.0034,0.0,,230517,libA,2,1,1
223,I,L,0.0032,-0.122,23.0,230517,libA,2,1,1
223,I,R,0.0035,0.0192,25.0,230517,libA,2,1,1
223,I,V,0.0029,-0.2306,44.0,230517,libA,2,1,1
224,R,A,0.0028,-0.3233,27.0,230517,libA,2,1,1
224,R,D,0.0027,-0.369,24.0,230517,libA,2,1,1
224,R,E,0.0027,-0.3413,15.0,230517,libA,2,1,1
224,R,F,0.0024,-0.5483,24.0,230517,libA,2,1,1
224,R,G,0.0031,-0.1726,7.0,230517,libA,2,1,1
224,R,H,0.0029,-0.2388,28.0,230517,libA,2,1,1
224,R,I,0.0032,-0.0894,15.0,230517,libA,2,1,1
224,R,K,0.003,-0.2107,51.0,230517,libA,2,1,1
224,R,L,0.0031,-0.1398,5.0,230517,libA,2,1,1
224,R,M,0.0031,-0.1332,22.0,230517,libA,2,1,1
224,R,N,0.0028,-0.2895,14.0,230517,libA,2,1,1
224,R,P,0.003,-0.2185,10.0,230517,libA,2,1,1
224,R,Q,0.0026,-0.3996,19.0,230517,libA,2,1,1
224,R,R,0.0034,0.0,,230517,libA,2,1,1
224,R,S,0.0028,-0.2878,31.0,230517,libA,2,1,1
224,R,V,0.0028,-0.273,12.0,230517,libA,2,1,1
224,R,W,0.0031,-0.1397,22.0,230517,libA,2,1,1
224,R,Y,0.0029,-0.2572,20.0,230517,libA,2,1,1
225,D,D,0.0034,0.0,,230517,libA,2,1,1
225,D,E,0.003,-0.2174,44.0,230517,libA,2,1,1
225,D,G,0.0022,-0.6672,56.0,230517,libA,2,1,1
225,D,N,0.0026,-0.414,56.0,230517,libA,2,1,1
225,D,T,0.0028,-0.3053,30.0,230517,libA,2,1,1
226,I,F,0.0031,-0.1737,15.0,230517,libA,2,1,1
226,I,H,0.003,-0.1803,21.0,230517,libA,2,1,1
226,I,I,0.0034,0.0,,230517,libA,2,1,1
226,I,L,0.0029,-0.2412,15.0,230517,libA,2,1,1
226,I,M,0.0026,-0.3911,45.0,230517,libA,2,1,1
226,I,N,0.0027,-0.3527,29.0,230517,libA,2,1,1
226,I,Q,0.003,-0.1937,29.0,230517,libA,2,1,1
226,I,S,0.003,-0.1925,8.0,230517,libA,2,1,1
226,I,T,0.0031,-0.1383,15.0,230517,libA,2,1,1
226,I,V,0.0032,-0.0928,30.0,230517,libA,2,1,1
227,P,A,0.0033,-0.0774,18.0,230517,libA,2,1,1
227,P,D,0.003,-0.1772,44.0,230517,libA,2,1,1
227,P,E,0.0027,-0.3476,44.0,230517,libA,2,1,1
227,P,G,0.003,-0.1939,27.0,230517,libA,2,1,1
227,P,H,0.0028,-0.2976,107.0,230517,libA,2,1,1
227,P,I,0.0026,-0.4015,48.0,230517,libA,2,1,1
227,P,L,0.0034,-0.0125,1.0,230517,libA,2,1,1
227,P,M,0.0032,-0.0867,33.0,230517,libA,2,1,1
227,P,N,0.0027,-0.3376,30.0,230517,libA,2,1,1
227,P,P,0.0034,0.0,,230517,libA,2,1,1
227,P,Q,0.0033,-0.0759,31.0,230517,libA,2,1,1
227,P,S,0.003,-0.1892,35.0,230517,libA,2,1,1
227,P,T,0.003,-0.1881,61.0,230517,libA,2,1,1
227,P,V,0.0029,-0.2297,15.0,230517,libA,2,1,1
228,S,A,0.0036,0.0542,16.0,230517,libA,2,1,1
228,S,G,0.0034,-0.011,1.0,230517,libA,2,1,1
228,S,S,0.0034,0.0,,230517,libA,2,1,1
229,R,F,0.0024,-0.5255,22.0,230517,libA,2,1,1
229,R,G,0.003,-0.2018,22.0,230517,libA,2,1,1
229,R,I,0.003,-0.1871,10.0,230517,libA,2,1,1
229,R,R,0.0034,0.0,,230517,libA,2,1,1
23,G,*,0.0035,0.021,19.0,230517,libA,2,1,1
23,G,G,0.0034,0.0,,230517,libA,2,1,1
23,G,V,0.0036,0.0647,2.0,230517,libA,2,1,1
230,I,I,0.0034,0.0,,230517,libA,2,1,1
230,I,T,0.0035,0.0349,1.0,230517,libA,2,1,1
230,I,V,0.0036,0.0705,19.0,230517,libA,2,1,1
231,S,D,0.003,-0.1841,28.0,230517,libA,2,1,1
231,S,I,0.0034,-0.0388,11.0,230517,libA,2,1,1
231,S,Q,0.003,-0.1961,18.0,230517,libA,2,1,1
231,S,S,0.0034,0.0,,230517,libA,2,1,1
231,S,T,0.0033,-0.0829,33.0,230517,libA,2,1,1
231,S,V,0.0034,-0.0105,9.0,230517,libA,2,1,1
233,Y,H,0.0027,-0.3295,54.0,230517,libA,2,1,1
233,Y,Y,0.0034,0.0,,230517,libA,2,1,1
234,W,*,0.0033,-0.0493,2.0,230517,libA,2,1,1
234,W,F,0.003,-0.194,68.0,230517,libA,2,1,1
234,W,H,0.0026,-0.4095,58.0,230517,libA,2,1,1
234,W,L,0.0034,-0.027,1.0,230517,libA,2,1,1
234,W,W,0.0034,0.0,,230517,libA,2,1,1
234,W,Y,0.0036,0.0532,75.0,230517,libA,2,1,1
235,T,A,0.0034,-0.0297,1.0,230517,libA,2,1,1
235,T,T,0.0034,0.0,,230517,libA,2,1,1
236,I,I,0.0034,0.0,,230517,libA,2,1,1
236,I,M,0.0034,0.0028,2.0,230517,libA,2,1,1
236,I,V,0.0033,-0.0783,34.0,230517,libA,2,1,1
238,K,A,0.0033,-0.0622,26.0,230517,libA,2,1,1
238,K,K,0.0034,0.0,,230517,libA,2,1,1
238,K,P,0.0036,0.052,15.0,230517,libA,2,1,1
238,K,Q,0.0032,-0.1243,31.0,230517,libA,2,1,1
238,K,R,0.0036,0.0702,24.0,230517,libA,2,1,1
239,P,P,0.0034,0.0,,230517,libA,2,1,1
239,P,Q,0.0035,0.019,1.0,230517,libA,2,1,1
239,P,T,0.0034,-0.0267,1.0,230517,libA,2,1,1
24,T,A,0.0033,-0.0769,25.0,230517,libA,2,1,1
24,T,E,0.0033,-0.0394,20.0,230517,libA,2,1,1
24,T,F,0.003,-0.198,16.0,230517,libA,2,1,1
24,T,H,0.0035,0.021,26.0,230517,libA,2,1,1
24,T,I,0.0038,0.1353,13.0,230517,libA,2,1,1
24,T,K,0.003,-0.1903,22.0,230517,libA,2,1,1
24,T,M,0.0032,-0.1172,21.0,230517,libA,2,1,1
24,T,Q,0.0033,-0.0522,26.0,230517,libA,2,1,1
24,T,T,0.0034,0.0,,230517,libA,2,1,1
24,T,V,0.0027,-0.3396,17.0,230517,libA,2,1,1
24,T,Y,0.0034,-0.0168,17.0,230517,libA,2,1,1
241,D,D,0.0034,0.0,,230517,libA,2,1,1
241,D,E,0.0033,-0.0403,1.0,230517,libA,2,1,1
242,I,A,0.0032,-0.1012,48.0,230517,libA,2,1,1
242,I,C,0.0037,0.1221,23.0,230517,libA,2,1,1
242,I,D,0.0029,-0.2419,38.0,230517,libA,2,1,1
242,I,E,0.003,-0.1753,50.0,230517,libA,2,1,1
242,I,I,0.0034,0.0,,230517,libA,2,1,1
242,I,M,0.0035,0.036,50.0,230517,libA,2,1,1
242,I,Q,0.0033,-0.052,65.0,230517,libA,2,1,1
242,I,S,0.003,-0.2045,73.0,230517,libA,2,1,1
242,I,T,0.0031,-0.1541,76.0,230517,libA,2,1,1
242,I,V,0.0038,0.1391,22.0,230517,libA,2,1,1
243,L,I,0.0034,-0.0019,1.0,230517,libA,2,1,1
243,L,L,0.0034,0.0,,230517,libA,2,1,1
244,L,A,0.0033,-0.057,58.0,230517,libA,2,1,1
244,L,C,0.0029,-0.2329,40.0,230517,libA,2,1,1
244,L,E,0.003,-0.1992,44.0,230517,libA,2,1,1
244,L,F,0.003,-0.1978,103.0,230517,libA,2,1,1
244,L,H,0.0031,-0.1383,105.0,230517,libA,2,1,1
244,L,I,0.0034,0.0027,88.0,230517,libA,2,1,1
244,L,L,0.0034,0.0,,230517,libA,2,1,1
244,L,M,0.0031,-0.1572,89.0,230517,libA,2,1,1
244,L,N,0.0025,-0.4744,70.0,230517,libA,2,1,1
244,L,Q,0.0032,-0.1218,53.0,230517,libA,2,1,1
244,L,S,0.0027,-0.3615,110.0,230517,libA,2,1,1
244,L,Y,0.0029,-0.2549,117.0,230517,libA,2,1,1
245,I,I,0.0034,0.0,,230517,libA,2,1,1
245,I,V,0.0034,-0.0161,2.0,230517,libA,2,1,1
246,N,K,0.0034,-0.0198,2.0,230517,libA,2,1,1
246,N,N,0.0034,0.0,,230517,libA,2,1,1
247,S,A,0.0033,-0.0522,39.0,230517,libA,2,1,1
247,S,F,0.0034,-0.0113,14.0,230517,libA,2,1,1
247,S,G,0.0033,-0.0657,4.0,230517,libA,2,1,1
247,S,H,0.0034,-0.0331,9.0,230517,libA,2,1,1
247,S,N,0.0036,0.0653,4.0,230517,libA,2,1,1
247,S,S,0.0034,0.0,,230517,libA,2,1,1
247,S,T,0.0032,-0.1053,28.0,230517,libA,2,1,1
249,G,G,0.0034,0.0,,230517,libA,2,1,1
249,G,V,0.0034,-0.0378,2.0,230517,libA,2,1,1
25,I,F,0.0032,-0.1033,11.0,230517,libA,2,1,1
25,I,H,0.0036,0.0819,26.0,230517,libA,2,1,1
25,I,I,0.0034,0.0,,230517,libA,2,1,1
25,I,K,0.003,-0.191,16.0,230517,libA,2,1,1
25,I,L,0.0032,-0.1096,15.0,230517,libA,2,1,1
25,I,M,0.0038,0.1242,28.0,230517,libA,2,1,1
25,I,Q,0.0043,0.3204,19.0,230517,libA,2,1,1
25,I,R,0.0032,-0.1118,17.0,230517,libA,2,1,1
25,I,S,0.0033,-0.0526,15.0,230517,libA,2,1,1
25,I,V,0.0035,0.0089,10.0,230517,libA,2,1,1
25,I,W,0.0029,-0.2569,26.0,230517,libA,2,1,1
25,I,Y,0.0046,0.4194,35.0,230517,libA,2,1,1
251,L,F,0.0032,-0.0979,68.0,230517,libA,2,1,1
251,L,I,0.0034,-0.0268,1.0,230517,libA,2,1,1
251,L,L,0.0034,0.0,,230517,libA,2,1,1
254,P,H,0.0035,0.0119,3.0,230517,libA,2,1,1
254,P,P,0.0034,0.0,,230517,libA,2,1,1
254,P,T,0.0034,-0.0203,1.0,230517,libA,2,1,1
255,R,M,0.0031,-0.1315,5.0,230517,libA,2,1,1
255,R,R,0.0034,0.0,,230517,libA,2,1,1
255,R,S,0.0035,0.0334,2.0,230517,libA,2,1,1
256,G,G,0.0034,0.0,,230517,libA,2,1,1
256,G,V,0.0034,-0.0175,1.0,230517,libA,2,1,1
257,Y,C,0.0034,-0.0179,1.0,230517,libA,2,1,1
257,Y,H,0.0034,-0.0234,1.0,230517,libA,2,1,1
257,Y,Y,0.0034,0.0,,230517,libA,2,1,1
258,F,F,0.0034,0.0,,230517,libA,2,1,1
258,F,L,0.0033,-0.0451,2.0,230517,libA,2,1,1
258,F,Y,0.0038,0.158,79.0,230517,libA,2,1,1
259,K,K,0.0034,0.0,,230517,libA,2,1,1
259,K,N,0.0033,-0.0407,1.0,230517,libA,2,1,1
259,K,P,0.0033,-0.0708,16.0,230517,libA,2,1,1
259,K,R,0.0037,0.1184,53.0,230517,libA,2,1,1
259,K,V,0.0034,0.0013,2.0,230517,libA,2,1,1
26,V,I,0.003,-0.186,28.0,230517,libA,2,1,1
26,V,L,0.0036,0.0823,1.0,230517,libA,2,1,1
26,V,V,0.0034,0.0,,230517,libA,2,1,1
260,I,I,0.0034,0.0,,230517,libA,2,1,1
260,I,L,0.0034,-0.0267,61.0,230517,libA,2,1,1
260,I,M,0.0032,-0.1169,55.0,230517,libA,2,1,1
260,I,T,0.0032,-0.1144,1.0,230517,libA,2,1,1
260,I,V,0.0032,-0.1119,24.0,230517,libA,2,1,1
261,R,*,0.0034,-0.0279,13.0,230517,libA,2,1,1
261,R,A,0.0033,-0.0445,70.0,230517,libA,2,1,1
261,R,C,0.0026,-0.4047,11.0,230517,libA,2,1,1
261,R,D,0.0035,0.0351,9.0,230517,libA,2,1,1
261,R,E,0.0035,0.0279,17.0,230517,libA,2,1,1
261,R,F,0.0037,0.0998,31.0,230517,libA,2,1,1
261,R,G,0.0042,0.2794,83.0,230517,libA,2,1,1
261,R,H,0.0032,-0.0854,87.0,230517,libA,2,1,1
261,R,I,0.0033,-0.0579,85.0,230517,libA,2,1,1
261,R,K,0.0036,0.0644,76.0,230517,libA,2,1,1
261,R,L,0.0033,-0.0707,113.0,230517,libA,2,1,1
261,R,M,0.0032,-0.0842,108.0,230517,libA,2,1,1
261,R,N,0.0034,0.0014,74.0,230517,libA,2,1,1
261,R,P,0.0032,-0.0996,36.0,230517,libA,2,1,1
261,R,Q,0.0038,0.1481,89.0,230517,libA,2,1,1
261,R,R,0.0034,0.0,,230517,libA,2,1,1
261,R,S,0.0033,-0.0667,155.0,230517,libA,2,1,1
261,R,T,0.0033,-0.0442,95.0,230517,libA,2,1,1
261,R,V,0.0034,-0.0359,43.0,230517,libA,2,1,1
261,R,W,0.0034,-0.0207,10.0,230517,libA,2,1,1
261,R,Y,0.0035,0.0283,65.0,230517,libA,2,1,1
262,S,A,0.0038,0.1567,20.0,230517,libA,2,1,1
262,S,D,0.0036,0.0605,48.0,230517,libA,2,1,1
262,S,E,0.0035,0.0076,33.0,230517,libA,2,1,1
262,S,G,0.003,-0.1877,42.0,230517,libA,2,1,1
262,S,H,0.0042,0.2883,42.0,230517,libA,2,1,1
262,S,I,0.0034,-0.0002,3.0,230517,libA,2,1,1
262,S,K,0.0033,-0.0745,46.0,230517,libA,2,1,1
262,S,M,0.0032,-0.1271,36.0,230517,libA,2,1,1
262,S,N,0.0029,-0.232,48.0,230517,libA,2,1,1
262,S,P,0.0036,0.0448,27.0,230517,libA,2,1,1
262,S,Q,0.0035,0.0174,23.0,230517,libA,2,1,1
262,S,R,0.0035,0.038,30.0,230517,libA,2,1,1
262,S,S,0.0034,0.0,,230517,libA,2,1,1
262,S,T,0.0028,-0.2772,34.0,230517,libA,2,1,1
262,S,Y,0.0033,-0.0516,51.0,230517,libA,2,1,1
263,G,G,0.0034,0.0,,230517,libA,2,1,1
263,G,R,0.0033,-0.0416,3.0,230517,libA,2,1,1
263,G,V,0.0032,-0.0893,6.0,230517,libA,2,1,1
263,G,W,0.0036,0.0615,14.0,230517,libA,2,1,1
264,K,A,0.0035,0.0116,14.0,230517,libA,2,1,1
264,K,D,0.0032,-0.0891,13.0,230517,libA,2,1,1
264,K,E,0.0033,-0.0642,2.0,230517,libA,2,1,1
264,K,G,0.0033,-0.0416,37.0,230517,libA,2,1,1
264,K,H,0.0035,0.0403,11.0,230517,libA,2,1,1
264,K,K,0.0034,0.0,,230517,libA,2,1,1
264,K,N,0.0037,0.0958,42.0,230517,libA,2,1,1
264,K,Q,0.0029,-0.2507,28.0,230517,libA,2,1,1
264,K,R,0.0032,-0.1004,14.0,230517,libA,2,1,1
264,K,S,0.0034,-0.0243,32.0,230517,libA,2,1,1
264,K,T,0.0034,-0.0179,23.0,230517,libA,2,1,1
265,S,A,0.0032,-0.0898,22.0,230517,libA,2,1,1
265,S,G,0.0033,-0.0682,4.0,230517,libA,2,1,1
265,S,R,0.0035,0.0056,4.0,230517,libA,2,1,1
265,S,S,0.0034,0.0,,230517,libA,2,1,1
266,S,*,0.0034,-0.0143,4.0,230517,libA,2,1,1
266,S,P,0.0034,-0.0357,1.0,230517,libA,2,1,1
266,S,S,0.0034,0.0,,230517,libA,2,1,1
266,S,T,0.003,-0.2198,32.0,230517,libA,2,1,1
267,I,I,0.0034,0.0,,230517,libA,2,1,1
267,I,V,0.0036,0.048,18.0,230517,libA,2,1,1
268,M,I,0.0035,0.0426,77.0,230517,libA,2,1,1
268,M,L,0.003,-0.212,33.0,230517,libA,2,1,1
268,M,M,0.0034,0.0,,230517,libA,2,1,1
269,R,G,0.0035,0.036,2.0,230517,libA,2,1,1
269,R,H,0.0034,0.002,15.0,230517,libA,2,1,1
269,R,I,0.003,-0.1966,54.0,230517,libA,2,1,1
269,R,K,0.0035,0.0303,55.0,230517,libA,2,1,1
269,R,L,0.0032,-0.1013,15.0,230517,libA,2,1,1
269,R,M,0.0033,-0.0537,33.0,230517,libA,2,1,1
269,R,Q,0.0028,-0.3117,23.0,230517,libA,2,1,1
269,R,R,0.0034,0.0,,230517,libA,2,1,1
269,R,T,0.0035,0.0334,31.0,230517,libA,2,1,1
269,R,V,0.0033,-0.0707,24.0,230517,libA,2,1,1
27,K,A,0.0032,-0.0854,29.0,230517,libA,2,1,1
27,K,H,0.0035,0.0218,39.0,230517,libA,2,1,1
27,K,K,0.0034,0.0,,230517,libA,2,1,1
27,K,M,0.0029,-0.237,19.0,230517,libA,2,1,1
27,K,N,0.0031,-0.1519,31.0,230517,libA,2,1,1
27,K,Q,0.0034,-0.0109,35.0,230517,libA,2,1,1
27,K,R,0.0034,-0.0124,37.0,230517,libA,2,1,1
27,K,S,0.0028,-0.2956,27.0,230517,libA,2,1,1
27,K,T,0.0032,-0.1007,26.0,230517,libA,2,1,1
270,S,*,0.0036,0.0509,3.0,230517,libA,2,1,1
270,S,S,0.0034,0.0,,230517,libA,2,1,1
270,S,T,0.0033,-0.0719,69.0,230517,libA,2,1,1
271,D,D,0.0034,0.0,,230517,libA,2,1,1
271,D,N,0.0034,-0.0151,12.0,230517,libA,2,1,1
272,A,A,0.0034,0.0,,230517,libA,2,1,1
272,A,H,0.0034,-0.0094,10.0,230517,libA,2,1,1
272,A,L,0.0034,-0.034,15.0,230517,libA,2,1,1
272,A,M,0.0036,0.0577,9.0,230517,libA,2,1,1
272,A,T,0.0034,-0.009,9.0,230517,libA,2,1,1
272,A,V,0.0034,-0.0131,10.0,230517,libA,2,1,1
273,P,K,0.0034,0.0024,25.0,230517,libA,2,1,1
273,P,P,0.0034,0.0,,230517,libA,2,1,1
273,P,Q,0.0034,-0.0295,4.0,230517,libA,2,1,1
273,P,S,0.0034,-0.0264,1.0,230517,libA,2,1,1
273,P,T,0.0034,-0.0303,1.0,230517,libA,2,1,1
275,G,A,0.0039,0.1702,33.0,230517,libA,2,1,1
275,G,C,0.0034,-0.012,28.0,230517,libA,2,1,1
275,G,D,0.0034,-0.01,11.0,230517,libA,2,1,1
275,G,G,0.0034,0.0,,230517,libA,2,1,1
275,G,H,0.0029,-0.2552,20.0,230517,libA,2,1,1
275,G,I,0.0032,-0.1205,28.0,230517,libA,2,1,1
275,G,K,0.0038,0.1369,17.0,230517,libA,2,1,1
275,G,L,0.0036,0.0447,12.0,230517,libA,2,1,1
275,G,M,0.003,-0.1985,14.0,230517,libA,2,1,1
275,G,Q,0.0036,0.0635,6.0,230517,libA,2,1,1
275,G,R,0.0028,-0.3158,47.0,230517,libA,2,1,1
275,G,S,0.0036,0.0645,15.0,230517,libA,2,1,1
275,G,T,0.0028,-0.2788,33.0,230517,libA,2,1,1
275,G,V,0.0033,-0.0808,37.0,230517,libA,2,1,1
276,K,E,0.0036,0.0817,41.0,230517,libA,2,1,1
276,K,H,0.0036,0.0699,31.0,230517,libA,2,1,1
276,K,I,0.0034,-0.0228,38.0,230517,libA,2,1,1
276,K,K,0.0034,0.0,,230517,libA,2,1,1
276,K,L,0.004,0.1993,19.0,230517,libA,2,1,1
276,K,M,0.0036,0.0475,23.0,230517,libA,2,1,1
276,K,N,0.004,0.2222,59.0,230517,libA,2,1,1
276,K,Q,0.003,-0.2128,55.0,230517,libA,2,1,1
276,K,R,0.0035,0.0156,52.0,230517,libA,2,1,1
276,K,S,0.0037,0.1152,40.0,230517,libA,2,1,1
276,K,T,0.0035,0.03,39.0,230517,libA,2,1,1
276,K,V,0.004,0.2015,9.0,230517,libA,2,1,1
277,C,*,0.0034,-0.0206,1.0,230517,libA,2,1,1
277,C,C,0.0034,0.0,,230517,libA,2,1,1
277,C,Y,0.0034,-0.0177,1.0,230517,libA,2,1,1
278,K,A,0.0037,0.0891,14.0,230517,libA,2,1,1
278,K,D,0.0028,-0.2882,21.0,230517,libA,2,1,1
278,K,E,0.0035,0.0265,21.0,230517,libA,2,1,1
278,K,F,0.0031,-0.1364,31.0,230517,libA,2,1,1
278,K,H,0.0031,-0.1362,20.0,230517,libA,2,1,1
278,K,I,0.0033,-0.069,41.0,230517,libA,2,1,1
278,K,K,0.0034,0.0,,230517,libA,2,1,1
278,K,L,0.004,0.2301,19.0,230517,libA,2,1,1
278,K,M,0.003,-0.2013,35.0,230517,libA,2,1,1
278,K,N,0.0035,0.0094,51.0,230517,libA,2,1,1
278,K,Q,0.0034,-0.0042,13.0,230517,libA,2,1,1
278,K,R,0.0035,0.0064,31.0,230517,libA,2,1,1
278,K,S,0.0032,-0.12,16.0,230517,libA,2,1,1
278,K,T,0.003,-0.1783,18.0,230517,libA,2,1,1
278,K,V,0.0033,-0.0769,32.0,230517,libA,2,1,1
278,K,W,0.0034,-0.019,44.0,230517,libA,2,1,1
278,K,Y,0.0033,-0.0512,28.0,230517,libA,2,1,1
279,S,A,0.0033,-0.0626,29.0,230517,libA,2,1,1
279,S,C,0.0035,0.0123,8.0,230517,libA,2,1,1
279,S,D,0.0026,-0.3782,22.0,230517,libA,2,1,1
279,S,E,0.0034,-0.0294,43.0,230517,libA,2,1,1
279,S,F,0.0037,0.1178,53.0,230517,libA,2,1,1
279,S,G,0.0032,-0.1094,25.0,230517,libA,2,1,1
279,S,H,0.0031,-0.1417,45.0,230517,libA,2,1,1
279,S,I,0.0033,-0.0796,49.0,230517,libA,2,1,1
279,S,K,0.0032,-0.0963,32.0,230517,libA,2,1,1
279,S,L,0.0038,0.1284,42.0,230517,libA,2,1,1
279,S,M,0.0034,-0.0319,27.0,230517,libA,2,1,1
279,S,N,0.0034,-0.0317,24.0,230517,libA,2,1,1
279,S,Q,0.0041,0.2464,23.0,230517,libA,2,1,1
279,S,R,0.0032,-0.0916,34.0,230517,libA,2,1,1
279,S,S,0.0034,0.0,,230517,libA,2,1,1
279,S,V,0.003,-0.2191,16.0,230517,libA,2,1,1
279,S,Y,0.0033,-0.04,42.0,230517,libA,2,1,1
28,T,I,0.0033,-0.0407,3.0,230517,libA,2,1,1
28,T,S,0.0034,-0.0354,28.0,230517,libA,2,1,1
28,T,T,0.0034,0.0,,230517,libA,2,1,1
280,E,*,0.0034,-0.0204,3.0,230517,libA,2,1,1
280,E,A,0.0034,-0.0005,24.0,230517,libA,2,1,1
280,E,D,0.0033,-0.0624,40.0,230517,libA,2,1,1
280,E,E,0.0034,0.0,,230517,libA,2,1,1
280,E,F,0.0035,0.0138,11.0,230517,libA,2,1,1
280,E,G,0.003,-0.199,24.0,230517,libA,2,1,1
280,E,H,0.0034,-0.0369,22.0,230517,libA,2,1,1
280,E,I,0.0031,-0.1716,33.0,230517,libA,2,1,1
280,E,L,0.0034,-0.0151,19.0,230517,libA,2,1,1
280,E,M,0.0031,-0.1328,15.0,230517,libA,2,1,1
280,E,N,0.0037,0.1081,18.0,230517,libA,2,1,1
280,E,P,0.0035,0.0236,10.0,230517,libA,2,1,1
280,E,Q,0.0033,-0.05,26.0,230517,libA,2,1,1
280,E,S,0.0034,-0.0241,30.0,230517,libA,2,1,1
280,E,T,0.0033,-0.0676,28.0,230517,libA,2,1,1
280,E,V,0.0035,0.0107,20.0,230517,libA,2,1,1
280,E,W,0.0034,-0.0332,3.0,230517,libA,2,1,1
282,I,H,0.0035,0.029,26.0,230517,libA,2,1,1
282,I,I,0.0034,0.0,,230517,libA,2,1,1
282,I,V,0.0033,-0.0594,19.0,230517,libA,2,1,1
283,T,A,0.0034,-0.0332,1.0,230517,libA,2,1,1
283,T,I,0.0034,-0.0072,1.0,230517,libA,2,1,1
283,T,S,0.003,-0.2001,21.0,230517,libA,2,1,1
283,T,T,0.0034,0.0,,230517,libA,2,1,1
284,P,A,0.0032,-0.1061,19.0,230517,libA,2,1,1
284,P,P,0.0034,0.0,,230517,libA,2,1,1
284,P,Q,0.0034,-0.0127,7.0,230517,libA,2,1,1
284,P,T,0.0035,0.0369,1.0,230517,libA,2,1,1
285,N,D,0.0035,0.0301,1.0,230517,libA,2,1,1
285,N,N,0.0034,0.0,,230517,libA,2,1,1
286,G,*,0.0032,-0.0932,2.0,230517,libA,2,1,1
286,G,G,0.0034,0.0,,230517,libA,2,1,1
288,I,I,0.0034,0.0,,230517,libA,2,1,1
288,I,L,0.0033,-0.0426,33.0,230517,libA,2,1,1
288,I,M,0.0031,-0.1714,47.0,230517,libA,2,1,1
289,P,A,0.0033,-0.0393,18.0,230517,libA,2,1,1
289,P,E,0.0031,-0.1699,9.0,230517,libA,2,1,1
289,P,H,0.0029,-0.2669,39.0,230517,libA,2,1,1
289,P,L,0.0034,-0.0028,1.0,230517,libA,2,1,1
289,P,P,0.0034,0.0,,230517,libA,2,1,1
289,P,S,0.0032,-0.1144,39.0,230517,libA,2,1,1
289,P,T,0.0035,0.0334,5.0,230517,libA,2,1,1
29,I,I,0.0034,0.0,,230517,libA,2,1,1
29,I,M,0.003,-0.2106,12.0,230517,libA,2,1,1
29,I,P,0.0042,0.2953,17.0,230517,libA,2,1,1
29,I,V,0.003,-0.2092,11.0,230517,libA,2,1,1
29,I,W,0.0031,-0.1574,13.0,230517,libA,2,1,1
290,N,A,0.0031,-0.1288,12.0,230517,libA,2,1,1
290,N,G,0.0032,-0.0883,23.0,230517,libA,2,1,1
290,N,N,0.0034,0.0,,230517,libA,2,1,1
290,N,S,0.0034,-0.0343,1.0,230517,libA,2,1,1
290,N,T,0.0034,0.0023,17.0,230517,libA,2,1,1
290,N,V,0.0028,-0.3,14.0,230517,libA,2,1,1
291,D,A,0.0031,-0.1323,10.0,230517,libA,2,1,1
291,D,D,0.0034,0.0,,230517,libA,2,1,1
291,D,E,0.0036,0.0842,16.0,230517,libA,2,1,1
291,D,G,0.003,-0.183,27.0,230517,libA,2,1,1
291,D,H,0.0034,-0.0349,21.0,230517,libA,2,1,1
291,D,I,0.0033,-0.0666,17.0,230517,libA,2,1,1
291,D,M,0.003,-0.2031,13.0,230517,libA,2,1,1
291,D,N,0.0034,-0.0008,14.0,230517,libA,2,1,1
291,D,Q,0.0035,0.017,20.0,230517,libA,2,1,1
291,D,S,0.003,-0.2138,11.0,230517,libA,2,1,1
291,D,T,0.0036,0.0462,13.0,230517,libA,2,1,1
291,D,V,0.0031,-0.144,17.0,230517,libA,2,1,1
291,D,Y,0.0039,0.1945,15.0,230517,libA,2,1,1
292,K,K,0.0034,0.0,,230517,libA,2,1,1
292,K,L,0.0033,-0.0675,21.0,230517,libA,2,1,1
292,K,R,0.0034,-0.0354,65.0,230517,libA,2,1,1
293,P,L,0.0034,-0.0048,1.0,230517,libA,2,1,1
293,P,P,0.0034,0.0,,230517,libA,2,1,1
294,F,F,0.0034,0.0,,230517,libA,2,1,1
294,F,L,0.0031,-0.1306,4.0,230517,libA,2,1,1
295,Q,K,0.0034,-0.0263,1.0,230517,libA,2,1,1
295,Q,Q,0.0034,0.0,,230517,libA,2,1,1
296,N,H,0.0034,-0.0386,16.0,230517,libA,2,1,1
296,N,N,0.0034,0.0,,230517,libA,2,1,1
296,N,S,0.0037,0.1059,27.0,230517,libA,2,1,1
297,V,E,0.0035,0.0327,1.0,230517,libA,2,1,1
297,V,I,0.0035,0.0271,33.0,230517,libA,2,1,1
297,V,L,0.0032,-0.0853,21.0,230517,libA,2,1,1
297,V,M,0.0033,-0.0425,1.0,230517,libA,2,1,1
297,V,V,0.0034,0.0,,230517,libA,2,1,1
298,N,H,0.0031,-0.1324,22.0,230517,libA,2,1,1
298,N,N,0.0034,0.0,,230517,libA,2,1,1
299,R,H,0.0028,-0.2889,52.0,230517,libA,2,1,1
299,R,K,0.0031,-0.1381,49.0,230517,libA,2,1,1
299,R,M,0.0032,-0.0857,85.0,230517,libA,2,1,1
299,R,P,0.003,-0.1899,27.0,230517,libA,2,1,1
299,R,Q,0.0034,-0.0377,42.0,230517,libA,2,1,1
299,R,R,0.0034,0.0,,230517,libA,2,1,1
299,R,S,0.0035,0.029,66.0,230517,libA,2,1,1
299,R,T,0.004,0.2006,46.0,230517,libA,2,1,1
3,I,A,0.0038,0.1341,11.0,230517,libA,2,1,1
3,I,D,0.0035,0.0047,17.0,230517,libA,2,1,1
3,I,E,0.0034,-0.0288,13.0,230517,libA,2,1,1
3,I,F,0.0035,0.0257,37.0,230517,libA,2,1,1
3,I,G,0.0044,0.3503,14.0,230517,libA,2,1,1
3,I,H,0.0034,-0.0243,19.0,230517,libA,2,1,1
3,I,I,0.0034,0.0,,230517,libA,2,1,1
3,I,K,0.0033,-0.0636,17.0,230517,libA,2,1,1
3,I,L,0.0034,-0.0391,29.0,230517,libA,2,1,1
3,I,M,0.0032,-0.1125,48.0,230517,libA,2,1,1
3,I,N,0.0034,-0.0107,31.0,230517,libA,2,1,1
3,I,P,0.0032,-0.0934,15.0,230517,libA,2,1,1
3,I,Q,0.0035,0.0088,13.0,230517,libA,2,1,1
3,I,R,0.0035,0.011,18.0,230517,libA,2,1,1
3,I,S,0.0033,-0.0437,9.0,230517,libA,2,1,1
3,I,T,0.0033,-0.0667,10.0,230517,libA,2,1,1
3,I,V,0.0038,0.1577,15.0,230517,libA,2,1,1
3,I,W,0.0031,-0.1609,10.0,230517,libA,2,1,1
3,I,Y,0.0037,0.1039,37.0,230517,libA,2,1,1
30,T,*,0.0034,-0.0235,1.0,230517,libA,2,1,1
30,T,A,0.0032,-0.0837,12.0,230517,libA,2,1,1
30,T,E,0.0032,-0.1035,16.0,230517,libA,2,1,1
30,T,G,0.0034,-0.0093,1.0,230517,libA,2,1,1
30,T,H,0.0034,-0.0285,14.0,230517,libA,2,1,1
30,T,I,0.0033,-0.0707,32.0,230517,libA,2,1,1
30,T,K,0.0033,-0.0396,24.0,230517,libA,2,1,1
30,T,L,0.003,-0.1907,20.0,230517,libA,2,1,1
30,T,M,0.0033,-0.055,19.0,230517,libA,2,1,1
30,T,N,0.0036,0.0527,18.0,230517,libA,2,1,1
30,T,Q,0.0033,-0.0591,23.0,230517,libA,2,1,1
30,T,R,0.0039,0.1829,25.0,230517,libA,2,1,1
30,T,S,0.0035,0.009,20.0,230517,libA,2,1,1
30,T,T,0.0034,0.0,,230517,libA,2,1,1
30,T,V,0.0035,0.0431,12.0,230517,libA,2,1,1
30,T,Y,0.0034,-0.0107,31.0,230517,libA,2,1,1
300,I,A,0.0034,-0.0037,10.0,230517,libA,2,1,1
300,I,D,0.0029,-0.255,55.0,230517,libA,2,1,1
300,I,H,0.0033,-0.0653,26.0,230517,libA,2,1,1
300,I,I,0.0034,0.0,,230517,libA,2,1,1
300,I,M,0.0034,0.003,2.0,230517,libA,2,1,1
300,I,Q,0.003,-0.2186,25.0,230517,libA,2,1,1
300,I,T,0.0029,-0.2512,26.0,230517,libA,2,1,1
300,I,V,0.0036,0.0666,39.0,230517,libA,2,1,1
300,I,W,0.0031,-0.161,46.0,230517,libA,2,1,1
301,T,A,0.0027,-0.376,70.0,230517,libA,2,1,1
301,T,H,0.0033,-0.0654,28.0,230517,libA,2,1,1
301,T,I,0.0035,0.0393,2.0,230517,libA,2,1,1
301,T,S,0.0031,-0.1307,68.0,230517,libA,2,1,1
301,T,T,0.0034,0.0,,230517,libA,2,1,1
302,Y,F,0.0034,-0.0132,66.0,230517,libA,2,1,1
302,Y,H,0.0034,-0.0233,1.0,230517,libA,2,1,1
302,Y,Y,0.0034,0.0,,230517,libA,2,1,1
303,G,G,0.0034,0.0,,230517,libA,2,1,1
303,G,R,0.0034,-0.0153,1.0,230517,libA,2,1,1
303,G,W,0.0034,-0.0379,1.0,230517,libA,2,1,1
304,A,A,0.0034,0.0,,230517,libA,2,1,1
304,A,D,0.0036,0.0707,38.0,230517,libA,2,1,1
304,A,F,0.0031,-0.1566,23.0,230517,libA,2,1,1
304,A,G,0.0034,-0.0197,1.0,230517,libA,2,1,1
304,A,H,0.0029,-0.2616,34.0,230517,libA,2,1,1
304,A,K,0.0035,0.006,51.0,230517,libA,2,1,1
304,A,L,0.0035,0.0236,12.0,230517,libA,2,1,1
304,A,M,0.0034,-0.027,22.0,230517,libA,2,1,1
304,A,N,0.0048,0.4718,33.0,230517,libA,2,1,1
304,A,R,0.0037,0.0994,35.0,230517,libA,2,1,1
304,A,S,0.0033,-0.0678,44.0,230517,libA,2,1,1
304,A,T,0.0032,-0.0935,20.0,230517,libA,2,1,1
304,A,V,0.0035,0.0067,8.0,230517,libA,2,1,1
305,C,C,0.0034,0.0,,230517,libA,2,1,1
305,C,R,0.0031,-0.1432,3.0,230517,libA,2,1,1
305,C,Y,0.0034,-0.0294,1.0,230517,libA,2,1,1
306,P,H,0.0033,-0.046,2.0,230517,libA,2,1,1
306,P,P,0.0034,0.0,,230517,libA,2,1,1
307,R,*,0.0034,-0.0098,1.0,230517,libA,2,1,1
307,R,A,0.0029,-0.2272,17.0,230517,libA,2,1,1
307,R,F,0.003,-0.1747,26.0,230517,libA,2,1,1
307,R,G,0.0035,0.0092,1.0,230517,libA,2,1,1
307,R,H,0.0034,-0.0158,23.0,230517,libA,2,1,1
307,R,I,0.0034,-0.0031,57.0,230517,libA,2,1,1
307,R,K,0.0033,-0.0533,68.0,230517,libA,2,1,1
307,R,L,0.0034,0.0009,19.0,230517,libA,2,1,1
307,R,M,0.0034,-0.0021,37.0,230517,libA,2,1,1
307,R,P,0.0033,-0.0556,18.0,230517,libA,2,1,1
307,R,Q,0.0032,-0.1036,19.0,230517,libA,2,1,1
307,R,R,0.0034,0.0,,230517,libA,2,1,1
307,R,S,0.0031,-0.1717,22.0,230517,libA,2,1,1
307,R,T,0.0033,-0.0643,34.0,230517,libA,2,1,1
307,R,V,0.0032,-0.0859,13.0,230517,libA,2,1,1
307,R,W,0.0033,-0.075,28.0,230517,libA,2,1,1
307,R,Y,0.0032,-0.0933,29.0,230517,libA,2,1,1
308,Y,F,0.0035,0.0431,67.0,230517,libA,2,1,1
308,Y,Y,0.0034,0.0,,230517,libA,2,1,1
309,V,I,0.0032,-0.1019,26.0,230517,libA,2,1,1
309,V,V,0.0034,0.0,,230517,libA,2,1,1
31,N,A,0.0034,-0.0213,21.0,230517,libA,2,1,1
31,N,C,0.0038,0.142,7.0,230517,libA,2,1,1
31,N,D,0.0032,-0.1206,15.0,230517,libA,2,1,1
31,N,E,0.0037,0.1124,18.0,230517,libA,2,1,1
31,N,F,0.0031,-0.1414,16.0,230517,libA,2,1,1
31,N,G,0.0034,-0.037,12.0,230517,libA,2,1,1
31,N,H,0.0036,0.0717,31.0,230517,libA,2,1,1
31,N,I,0.0027,-0.3281,16.0,230517,libA,2,1,1
31,N,K,0.0042,0.2884,33.0,230517,libA,2,1,1
31,N,L,0.0033,-0.0532,9.0,230517,libA,2,1,1
31,N,M,0.0033,-0.0652,6.0,230517,libA,2,1,1
31,N,N,0.0034,0.0,,230517,libA,2,1,1
31,N,Q,0.0034,-0.0217,18.0,230517,libA,2,1,1
31,N,R,0.0034,-0.0132,16.0,230517,libA,2,1,1
31,N,S,0.0036,0.0542,19.0,230517,libA,2,1,1
31,N,T,0.0035,0.0259,15.0,230517,libA,2,1,1
31,N,V,0.0034,0.003,22.0,230517,libA,2,1,1
31,N,W,0.0032,-0.0897,12.0,230517,libA,2,1,1
31,N,Y,0.0035,0.0147,16.0,230517,libA,2,1,1
310,K,H,0.0032,-0.1008,13.0,230517,libA,2,1,1
310,K,I,0.0037,0.116,30.0,230517,libA,2,1,1
310,K,K,0.0034,0.0,,230517,libA,2,1,1
310,K,L,0.0034,-0.0047,14.0,230517,libA,2,1,1
310,K,N,0.0033,-0.0445,45.0,230517,libA,2,1,1
310,K,R,0.0034,-0.0193,12.0,230517,libA,2,1,1
310,K,T,0.0031,-0.1473,20.0,230517,libA,2,1,1
310,K,V,0.0034,0.0008,19.0,230517,libA,2,1,1
311,Q,*,0.003,-0.2139,42.0,230517,libA,2,1,1
311,Q,A,0.0029,-0.2262,71.0,230517,libA,2,1,1
311,Q,C,0.0033,-0.0527,23.0,230517,libA,2,1,1
311,Q,D,0.0033,-0.0505,5.0,230517,libA,2,1,1
311,Q,E,0.0029,-0.238,13.0,230517,libA,2,1,1
311,Q,F,0.003,-0.1808,30.0,230517,libA,2,1,1
311,Q,G,0.0031,-0.138,11.0,230517,libA,2,1,1
311,Q,H,0.0032,-0.0878,79.0,230517,libA,2,1,1
311,Q,K,0.003,-0.1771,38.0,230517,libA,2,1,1
311,Q,L,0.0033,-0.0646,59.0,230517,libA,2,1,1
311,Q,M,0.0033,-0.0695,1.0,230517,libA,2,1,1
311,Q,N,0.0033,-0.0514,3.0,230517,libA,2,1,1
311,Q,P,0.0025,-0.4877,35.0,230517,libA,2,1,1
311,Q,Q,0.0034,0.0,,230517,libA,2,1,1
311,Q,R,0.0035,0.0407,95.0,230517,libA,2,1,1
311,Q,S,0.0033,-0.0455,100.0,230517,libA,2,1,1
311,Q,T,0.0032,-0.09,58.0,230517,libA,2,1,1
311,Q,V,0.0034,-0.0378,52.0,230517,libA,2,1,1
311,Q,W,0.0034,-0.0325,28.0,230517,libA,2,1,1
311,Q,Y,0.0032,-0.0946,21.0,230517,libA,2,1,1
312,N,A,0.0036,0.05,21.0,230517,libA,2,1,1
312,N,D,0.0035,0.0058,26.0,230517,libA,2,1,1
312,N,E,0.0033,-0.0519,19.0,230517,libA,2,1,1
312,N,G,0.0036,0.0523,18.0,230517,libA,2,1,1
312,N,K,0.0036,0.0681,33.0,230517,libA,2,1,1
312,N,M,0.0034,0.0002,22.0,230517,libA,2,1,1
312,N,N,0.0034,0.0,,230517,libA,2,1,1
312,N,P,0.0036,0.0709,9.0,230517,libA,2,1,1
312,N,Q,0.0035,0.0391,41.0,230517,libA,2,1,1
312,N,R,0.0032,-0.0932,24.0,230517,libA,2,1,1
312,N,S,0.0036,0.0799,81.0,230517,libA,2,1,1
312,N,T,0.0028,-0.2801,26.0,230517,libA,2,1,1
312,N,Y,0.0036,0.0525,28.0,230517,libA,2,1,1
313,T,H,0.0031,-0.1704,18.0,230517,libA,2,1,1
313,T,S,0.0037,0.092,51.0,230517,libA,2,1,1
313,T,T,0.0034,0.0,,230517,libA,2,1,1
314,L,I,0.0034,-0.004,28.0,230517,libA,2,1,1
314,L,L,0.0034,0.0,,230517,libA,2,1,1
314,L,M,0.0035,0.0333,9.0,230517,libA,2,1,1
314,L,P,0.0034,-0.0383,2.0,230517,libA,2,1,1
315,K,E,0.0036,0.0662,2.0,230517,libA,2,1,1
315,K,I,0.0034,-0.0004,1.0,230517,libA,2,1,1
315,K,K,0.0034,0.0,,230517,libA,2,1,1
315,K,L,0.0038,0.1338,2.0,230517,libA,2,1,1
315,K,M,0.0036,0.0677,17.0,230517,libA,2,1,1
315,K,R,0.0038,0.1242,40.0,230517,libA,2,1,1
316,L,F,0.0034,-0.0167,1.0,230517,libA,2,1,1
316,L,L,0.0034,0.0,,230517,libA,2,1,1
317,A,A,0.0034,0.0,,230517,libA,2,1,1
317,A,S,0.0033,-0.053,1.0,230517,libA,2,1,1
317,A,V,0.0033,-0.0434,1.0,230517,libA,2,1,1
318,T,I,0.0035,0.0269,5.0,230517,libA,2,1,1
318,T,K,0.0032,-0.0862,1.0,230517,libA,2,1,1
318,T,L,0.0031,-0.1473,34.0,230517,libA,2,1,1
318,T,M,0.0033,-0.0714,34.0,230517,libA,2,1,1
318,T,T,0.0034,0.0,,230517,libA,2,1,1
318,T,V,0.0036,0.0459,15.0,230517,libA,2,1,1
319,G,*,0.0031,-0.1595,19.0,230517,libA,2,1,1
319,G,G,0.0034,0.0,,230517,libA,2,1,1
32,D,A,0.0029,-0.2362,21.0,230517,libA,2,1,1
32,D,D,0.0034,0.0,,230517,libA,2,1,1
32,D,E,0.0033,-0.06,28.0,230517,libA,2,1,1
32,D,G,0.0034,-0.0314,23.0,230517,libA,2,1,1
32,D,H,0.0033,-0.0813,17.0,230517,libA,2,1,1
32,D,I,0.0036,0.0686,13.0,230517,libA,2,1,1
32,D,L,0.0033,-0.0697,14.0,230517,libA,2,1,1
32,D,M,0.003,-0.2146,13.0,230517,libA,2,1,1
32,D,N,0.0035,0.0339,13.0,230517,libA,2,1,1
32,D,P,0.0033,-0.0579,20.0,230517,libA,2,1,1
32,D,Q,0.0037,0.0855,12.0,230517,libA,2,1,1
32,D,S,0.0037,0.0935,18.0,230517,libA,2,1,1
32,D,T,0.0029,-0.247,9.0,230517,libA,2,1,1
32,D,W,0.0031,-0.1465,4.0,230517,libA,2,1,1
32,D,Y,0.0034,-0.0303,25.0,230517,libA,2,1,1
320,M,I,0.0035,0.0062,4.0,230517,libA,2,1,1
320,M,M,0.0034,0.0,,230517,libA,2,1,1
321,R,*,0.003,-0.2201,11.0,230517,libA,2,1,1
321,R,L,0.0035,0.0306,1.0,230517,libA,2,1,1
321,R,Q,0.0032,-0.089,4.0,230517,libA,2,1,1
321,R,R,0.0034,0.0,,230517,libA,2,1,1
323,V,A,0.0034,0.0002,2.0,230517,libA,2,1,1
323,V,C,0.0041,0.2402,9.0,230517,libA,2,1,1
323,V,F,0.0035,0.0334,23.0,230517,libA,2,1,1
323,V,H,0.0032,-0.1126,28.0,230517,libA,2,1,1
323,V,I,0.0037,0.0987,34.0,230517,libA,2,1,1
323,V,K,0.004,0.2311,34.0,230517,libA,2,1,1
323,V,L,0.0031,-0.1491,15.0,230517,libA,2,1,1
323,V,M,0.0033,-0.0828,16.0,230517,libA,2,1,1
323,V,N,0.0035,0.0193,19.0,230517,libA,2,1,1
323,V,R,0.0036,0.0465,43.0,230517,libA,2,1,1
323,V,S,0.0033,-0.0767,14.0,230517,libA,2,1,1
323,V,T,0.0031,-0.1737,20.0,230517,libA,2,1,1
323,V,V,0.0034,0.0,,230517,libA,2,1,1
323,V,W,0.0025,-0.4767,20.0,230517,libA,2,1,1
323,V,Y,0.0033,-0.0452,24.0,230517,libA,2,1,1
324,P,A,0.0037,0.091,24.0,230517,libA,2,1,1
324,P,H,0.0032,-0.0889,33.0,230517,libA,2,1,1
324,P,K,0.0034,-0.0317,30.0,230517,libA,2,1,1
324,P,M,0.0032,-0.1004,30.0,230517,libA,2,1,1
324,P,N,0.0035,0.0283,7.0,230517,libA,2,1,1
324,P,P,0.0034,0.0,,230517,libA,2,1,1
324,P,Q,0.0033,-0.0824,42.0,230517,libA,2,1,1
324,P,R,0.0033,-0.0536,40.0,230517,libA,2,1,1
324,P,S,0.0036,0.0758,2.0,230517,libA,2,1,1
325,E,*,0.0029,-0.2548,11.0,230517,libA,2,1,1
325,E,D,0.0032,-0.1234,40.0,230517,libA,2,1,1
325,E,E,0.0034,0.0,,230517,libA,2,1,1
325,E,S,0.0033,-0.0547,38.0,230517,libA,2,1,1
326,K,*,0.0035,0.0244,8.0,230517,libA,2,1,1
326,K,A,0.0031,-0.1336,33.0,230517,libA,2,1,1
326,K,C,0.0031,-0.1413,10.0,230517,libA,2,1,1
326,K,D,0.0037,0.1088,5.0,230517,libA,2,1,1
326,K,E,0.0033,-0.0515,3.0,230517,libA,2,1,1
326,K,F,0.0035,0.0265,51.0,230517,libA,2,1,1
326,K,G,0.0031,-0.1588,10.0,230517,libA,2,1,1
326,K,H,0.0027,-0.3304,42.0,230517,libA,2,1,1
326,K,I,0.003,-0.1989,65.0,230517,libA,2,1,1
326,K,K,0.0034,0.0,,230517,libA,2,1,1
326,K,L,0.0032,-0.0956,89.0,230517,libA,2,1,1
326,K,M,0.0033,-0.0669,15.0,230517,libA,2,1,1
326,K,N,0.0029,-0.2649,8.0,230517,libA,2,1,1
326,K,P,0.0033,-0.0591,10.0,230517,libA,2,1,1
326,K,Q,0.0034,-0.0166,40.0,230517,libA,2,1,1
326,K,R,0.0033,-0.0799,111.0,230517,libA,2,1,1
326,K,S,0.0031,-0.1486,47.0,230517,libA,2,1,1
326,K,T,0.0028,-0.275,46.0,230517,libA,2,1,1
326,K,V,0.0033,-0.0568,31.0,230517,libA,2,1,1
326,K,W,0.0031,-0.1684,8.0,230517,libA,2,1,1
326,K,Y,0.0034,-0.0302,47.0,230517,libA,2,1,1
327,Q,A,0.003,-0.2063,36.0,230517,libA,2,1,1
327,Q,E,0.0032,-0.1037,26.0,230517,libA,2,1,1
327,Q,H,0.0034,-0.0053,1.0,230517,libA,2,1,1
327,Q,K,0.0031,-0.1566,19.0,230517,libA,2,1,1
327,Q,N,0.0032,-0.0964,39.0,230517,libA,2,1,1
327,Q,Q,0.0034,0.0,,230517,libA,2,1,1
327,Q,R,0.0037,0.1028,35.0,230517,libA,2,1,1
327,Q,S,0.0034,-0.0105,41.0,230517,libA,2,1,1
327,Q,T,0.0041,0.2676,40.0,230517,libA,2,1,1
328,T,A,0.0031,-0.1598,22.0,230517,libA,2,1,1
328,T,C,0.0035,0.0046,4.0,230517,libA,2,1,1
328,T,D,0.0028,-0.3127,53.0,230517,libA,2,1,1
328,T,F,0.0032,-0.0871,56.0,230517,libA,2,1,1
328,T,G,0.0035,0.0291,29.0,230517,libA,2,1,1
328,T,M,0.0037,0.1087,50.0,230517,libA,2,1,1
328,T,N,0.0034,-0.0331,1.0,230517,libA,2,1,1
328,T,P,0.0034,-0.0265,50.0,230517,libA,2,1,1
328,T,Q,0.0034,-0.0128,32.0,230517,libA,2,1,1
328,T,S,0.003,-0.1918,53.0,230517,libA,2,1,1
328,T,T,0.0034,0.0,,230517,libA,2,1,1
328,T,V,0.0032,-0.1141,28.0,230517,libA,2,1,1
328,T,Y,0.003,-0.2147,46.0,230517,libA,2,1,1
329,R,I,0.0034,-0.038,1.0,230517,libA,2,1,1
329,R,K,0.0036,0.0638,54.0,230517,libA,2,1,1
329,R,R,0.0034,0.0,,230517,libA,2,1,1
33,R,*,0.0034,-0.019,1.0,230517,libA,2,1,1
33,R,A,0.0035,0.012,13.0,230517,libA,2,1,1
33,R,D,0.0033,-0.0701,19.0,230517,libA,2,1,1
33,R,E,0.0035,0.0053,19.0,230517,libA,2,1,1
33,R,F,0.0039,0.1653,18.0,230517,libA,2,1,1
33,R,G,0.0027,-0.3451,29.0,230517,libA,2,1,1
33,R,H,0.0033,-0.0767,21.0,230517,libA,2,1,1
33,R,I,0.0032,-0.1023,23.0,230517,libA,2,1,1
33,R,K,0.0034,-0.023,18.0,230517,libA,2,1,1
33,R,L,0.0032,-0.1275,36.0,230517,libA,2,1,1
33,R,M,0.0031,-0.1612,26.0,230517,libA,2,1,1
33,R,N,0.0039,0.1892,18.0,230517,libA,2,1,1
33,R,Q,0.0031,-0.1307,37.0,230517,libA,2,1,1
33,R,R,0.0034,0.0,,230517,libA,2,1,1
33,R,V,0.003,-0.1993,10.0,230517,libA,2,1,1
33,R,W,0.0031,-0.1371,19.0,230517,libA,2,1,1
33,R,Y,0.0036,0.0658,25.0,230517,libA,2,1,1
330,G,A,0.0032,-0.1003,21.0,230517,libA,2,1,1
330,G,C,0.004,0.2132,3.0,230517,libA,2,1,1
330,G,G,0.0034,0.0,,230517,libA,2,1,1
330,G,V,0.0035,0.0436,2.0,230517,libA,2,1,1
331,I,A,0.0045,0.3896,5.0,230517,libA,2,1,1
331,I,F,0.0035,0.0079,20.0,230517,libA,2,1,1
331,I,I,0.0034,0.0,,230517,libA,2,1,1
331,I,L,0.0041,0.2638,11.0,230517,libA,2,1,1
331,I,M,0.0032,-0.1239,17.0,230517,libA,2,1,1
331,I,V,0.0042,0.2905,27.0,230517,libA,2,1,1
332,F,F,0.0034,0.0,,230517,libA,2,1,1
332,F,I,0.0034,-0.0317,22.0,230517,libA,2,1,1
332,F,L,0.0044,0.357,36.0,230517,libA,2,1,1
333,G,A,0.0035,0.04,40.0,230517,libA,2,1,1
333,G,C,0.0033,-0.0704,6.0,230517,libA,2,1,1
333,G,D,0.0034,-0.0042,1.0,230517,libA,2,1,1
333,G,G,0.0034,0.0,,230517,libA,2,1,1
333,G,K,0.0032,-0.0985,25.0,230517,libA,2,1,1
333,G,M,0.0036,0.0559,32.0,230517,libA,2,1,1
333,G,R,0.0029,-0.2601,26.0,230517,libA,2,1,1
333,G,S,0.0035,0.033,37.0,230517,libA,2,1,1
333,G,T,0.0032,-0.0896,26.0,230517,libA,2,1,1
334,A,A,0.0034,0.0,,230517,libA,2,1,1
334,A,E,0.0034,-0.0389,1.0,230517,libA,2,1,1
334,A,L,0.0031,-0.1496,28.0,230517,libA,2,1,1
334,A,M,0.0025,-0.4547,32.0,230517,libA,2,1,1
334,A,S,0.0034,-0.0166,46.0,230517,libA,2,1,1
334,A,T,0.0028,-0.3013,10.0,230517,libA,2,1,1
334,A,V,0.0034,-0.0181,2.0,230517,libA,2,1,1
335,I,I,0.0034,0.0,,230517,libA,2,1,1
335,I,L,0.0031,-0.1378,23.0,230517,libA,2,1,1
335,I,M,0.0036,0.0825,29.0,230517,libA,2,1,1
335,I,V,0.0034,-0.0297,20.0,230517,libA,2,1,1
336,A,A,0.0034,0.0,,230517,libA,2,1,1
336,A,S,0.0034,-0.0366,1.0,230517,libA,2,1,1
336,A,T,0.0031,-0.1563,1.0,230517,libA,2,1,1
336,A,V,0.0033,-0.0543,2.0,230517,libA,2,1,1
337,G,C,0.0034,-0.0206,2.0,230517,libA,2,1,1
337,G,G,0.0034,0.0,,230517,libA,2,1,1
338,F,F,0.0034,0.0,,230517,libA,2,1,1
338,F,S,0.0035,0.0288,1.0,230517,libA,2,1,1
339,I,I,0.0034,0.0,,230517,libA,2,1,1
339,I,L,0.0033,-0.0548,37.0,230517,libA,2,1,1
339,I,M,0.0033,-0.0423,5.0,230517,libA,2,1,1
339,I,V,0.0034,-0.0151,3.0,230517,libA,2,1,1
34,I,E,0.0033,-0.0499,22.0,230517,libA,2,1,1
34,I,I,0.0034,0.0,,230517,libA,2,1,1
34,I,L,0.0027,-0.3432,46.0,230517,libA,2,1,1
34,I,M,0.0037,0.0907,20.0,230517,libA,2,1,1
34,I,N,0.0034,-0.011,13.0,230517,libA,2,1,1
34,I,Q,0.003,-0.1853,23.0,230517,libA,2,1,1
34,I,T,0.0038,0.1426,26.0,230517,libA,2,1,1
34,I,V,0.0038,0.1459,24.0,230517,libA,2,1,1
341,N,H,0.0033,-0.0732,23.0,230517,libA,2,1,1
341,N,N,0.0034,0.0,,230517,libA,2,1,1
341,N,Y,0.0031,-0.1449,73.0,230517,libA,2,1,1
342,G,C,0.0033,-0.0734,2.0,230517,libA,2,1,1
342,G,G,0.0034,0.0,,230517,libA,2,1,1
342,G,V,0.0034,-0.0246,1.0,230517,libA,2,1,1
343,W,*,0.0033,-0.0499,3.0,230517,libA,2,1,1
343,W,C,0.0031,-0.1371,3.0,230517,libA,2,1,1
343,W,L,0.0031,-0.1551,8.0,230517,libA,2,1,1
343,W,W,0.0034,0.0,,230517,libA,2,1,1
344,E,*,0.0036,0.0585,13.0,230517,libA,2,1,1
344,E,C,0.0033,-0.0794,34.0,230517,libA,2,1,1
344,E,D,0.0038,0.1441,127.0,230517,libA,2,1,1
344,E,E,0.0034,0.0,,230517,libA,2,1,1
344,E,F,0.0032,-0.0921,46.0,230517,libA,2,1,1
344,E,L,0.0031,-0.1555,24.0,230517,libA,2,1,1
344,E,M,0.003,-0.1841,44.0,230517,libA,2,1,1
344,E,N,0.0029,-0.2433,28.0,230517,libA,2,1,1
344,E,S,0.0029,-0.2283,32.0,230517,libA,2,1,1
344,E,T,0.0032,-0.1233,25.0,230517,libA,2,1,1
344,E,V,0.0036,0.0613,22.0,230517,libA,2,1,1
344,E,Y,0.0034,-0.0278,40.0,230517,libA,2,1,1
345,G,*,0.0031,-0.1451,18.0,230517,libA,2,1,1
345,G,C,0.0036,0.06,22.0,230517,libA,2,1,1
345,G,E,0.0035,0.0174,2.0,230517,libA,2,1,1
345,G,G,0.0034,0.0,,230517,libA,2,1,1
345,G,V,0.0035,0.0092,5.0,230517,libA,2,1,1
346,M,F,0.0035,0.0245,81.0,230517,libA,2,1,1
346,M,I,0.0033,-0.0453,8.0,230517,libA,2,1,1
346,M,L,0.0034,-0.0073,38.0,230517,libA,2,1,1
346,M,M,0.0034,0.0,,230517,libA,2,1,1
346,M,T,0.0034,-0.0141,1.0,230517,libA,2,1,1
347,V,A,0.0037,0.1103,93.0,230517,libA,2,1,1
347,V,C,0.0044,0.3493,40.0,230517,libA,2,1,1
347,V,E,0.0035,0.0176,94.0,230517,libA,2,1,1
347,V,F,0.0034,-0.0373,65.0,230517,libA,2,1,1
347,V,H,0.004,0.2004,78.0,230517,libA,2,1,1
347,V,I,0.0035,0.0407,65.0,230517,libA,2,1,1
347,V,K,0.0042,0.2902,48.0,230517,libA,2,1,1
347,V,L,0.0039,0.1847,73.0,230517,libA,2,1,1
347,V,M,0.0038,0.1369,73.0,230517,libA,2,1,1
347,V,N,0.004,0.2142,79.0,230517,libA,2,1,1
347,V,Q,0.0037,0.119,53.0,230517,libA,2,1,1
347,V,R,0.0033,-0.0768,116.0,230517,libA,2,1,1
347,V,S,0.0036,0.0823,58.0,230517,libA,2,1,1
347,V,T,0.0038,0.1385,64.0,230517,libA,2,1,1
347,V,V,0.0034,0.0,,230517,libA,2,1,1
347,V,Y,0.0036,0.0563,45.0,230517,libA,2,1,1
348,D,D,0.0034,0.0,,230517,libA,2,1,1
348,D,N,0.0033,-0.0743,1.0,230517,libA,2,1,1
348,D,Y,0.0035,0.0368,2.0,230517,libA,2,1,1
349,G,C,0.0034,-0.0338,1.0,230517,libA,2,1,1
349,G,G,0.0034,0.0,,230517,libA,2,1,1
349,G,S,0.0033,-0.0492,1.0,230517,libA,2,1,1
35,E,*,0.0034,-0.0057,4.0,230517,libA,2,1,1
35,E,A,0.0032,-0.1206,26.0,230517,libA,2,1,1
35,E,D,0.0036,0.0639,18.0,230517,libA,2,1,1
35,E,E,0.0034,0.0,,230517,libA,2,1,1
35,E,G,0.0033,-0.0678,1.0,230517,libA,2,1,1
35,E,K,0.0034,-0.0223,1.0,230517,libA,2,1,1
35,E,Q,0.0029,-0.2464,17.0,230517,libA,2,1,1
35,E,S,0.0033,-0.0686,12.0,230517,libA,2,1,1
350,W,*,0.0034,0.0029,8.0,230517,libA,2,1,1
350,W,L,0.0037,0.101,8.0,230517,libA,2,1,1
350,W,W,0.0034,0.0,,230517,libA,2,1,1
351,Y,*,0.0034,-0.0252,1.0,230517,libA,2,1,1
351,Y,H,0.0036,0.0675,1.0,230517,libA,2,1,1
351,Y,Y,0.0034,0.0,,230517,libA,2,1,1
352,G,C,0.0034,-0.0207,1.0,230517,libA,2,1,1
352,G,G,0.0034,0.0,,230517,libA,2,1,1
352,G,S,0.0034,-0.0013,1.0,230517,libA,2,1,1
352,G,V,0.0034,-0.015,1.0,230517,libA,2,1,1
353,F,F,0.0034,0.0,,230517,libA,2,1,1
353,F,W,0.003,-0.2043,34.0,230517,libA,2,1,1
353,F,Y,0.0036,0.0757,69.0,230517,libA,2,1,1
354,R,G,0.0032,-0.0921,3.0,230517,libA,2,1,1
354,R,K,0.0034,-0.0383,1.0,230517,libA,2,1,1
354,R,M,0.0033,-0.0412,49.0,230517,libA,2,1,1
354,R,Q,0.003,-0.1852,35.0,230517,libA,2,1,1
354,R,R,0.0034,0.0,,230517,libA,2,1,1
354,R,S,0.0034,-0.0266,2.0,230517,libA,2,1,1
355,H,H,0.0034,0.0,,230517,libA,2,1,1
355,H,Q,0.0034,-0.035,2.0,230517,libA,2,1,1
356,Q,A,0.0031,-0.172,41.0,230517,libA,2,1,1
356,Q,C,0.0036,0.057,9.0,230517,libA,2,1,1
356,Q,D,0.0038,0.1538,41.0,230517,libA,2,1,1
356,Q,E,0.0031,-0.137,63.0,230517,libA,2,1,1
356,Q,F,0.0032,-0.1109,35.0,230517,libA,2,1,1
356,Q,H,0.0032,-0.0841,48.0,230517,libA,2,1,1
356,Q,I,0.0031,-0.1427,50.0,230517,libA,2,1,1
356,Q,K,0.0029,-0.2496,52.0,230517,libA,2,1,1
356,Q,L,0.004,0.2196,53.0,230517,libA,2,1,1
356,Q,M,0.0034,-0.0164,50.0,230517,libA,2,1,1
356,Q,Q,0.0034,0.0,,230517,libA,2,1,1
356,Q,S,0.0035,0.0315,50.0,230517,libA,2,1,1
356,Q,T,0.0032,-0.1085,59.0,230517,libA,2,1,1
356,Q,V,0.0032,-0.0878,28.0,230517,libA,2,1,1
356,Q,W,0.0034,-0.039,21.0,230517,libA,2,1,1
356,Q,Y,0.0033,-0.0496,32.0,230517,libA,2,1,1
357,N,N,0.0034,0.0,,230517,libA,2,1,1
357,N,S,0.0036,0.0493,1.0,230517,libA,2,1,1
358,S,A,0.0036,0.0734,49.0,230517,libA,2,1,1
358,S,C,0.0036,0.0513,45.0,230517,libA,2,1,1
358,S,D,0.0038,0.1401,44.0,230517,libA,2,1,1
358,S,E,0.0037,0.1145,62.0,230517,libA,2,1,1
358,S,F,0.0032,-0.0863,21.0,230517,libA,2,1,1
358,S,G,0.0038,0.1371,43.0,230517,libA,2,1,1
358,S,H,0.0033,-0.0423,35.0,230517,libA,2,1,1
358,S,I,0.0037,0.086,55.0,230517,libA,2,1,1
358,S,L,0.0035,0.0379,39.0,230517,libA,2,1,1
358,S,M,0.0035,0.0051,39.0,230517,libA,2,1,1
358,S,N,0.0033,-0.0641,33.0,230517,libA,2,1,1
358,S,Q,0.0036,0.0454,42.0,230517,libA,2,1,1
358,S,S,0.0034,0.0,,230517,libA,2,1,1
358,S,T,0.0043,0.3136,44.0,230517,libA,2,1,1
358,S,V,0.0039,0.1908,47.0,230517,libA,2,1,1
358,S,Y,0.003,-0.184,50.0,230517,libA,2,1,1
359,E,*,0.0034,-0.0189,4.0,230517,libA,2,1,1
359,E,D,0.0032,-0.0966,66.0,230517,libA,2,1,1
359,E,E,0.0034,0.0,,230517,libA,2,1,1
359,E,G,0.0036,0.0582,6.0,230517,libA,2,1,1
359,E,Q,0.0033,-0.0624,47.0,230517,libA,2,1,1
36,V,C,0.0033,-0.0661,5.0,230517,libA,2,1,1
36,V,I,0.0033,-0.0798,2.0,230517,libA,2,1,1
36,V,V,0.0034,0.0,,230517,libA,2,1,1
360,G,*,0.0031,-0.1378,10.0,230517,libA,2,1,1
360,G,G,0.0034,0.0,,230517,libA,2,1,1
360,G,R,0.0034,-0.0235,1.0,230517,libA,2,1,1
361,R,A,0.0035,0.0382,31.0,230517,libA,2,1,1
361,R,E,0.003,-0.1995,27.0,230517,libA,2,1,1
361,R,F,0.0031,-0.1422,23.0,230517,libA,2,1,1
361,R,G,0.0035,0.007,35.0,230517,libA,2,1,1
361,R,H,0.0034,-0.0269,33.0,230517,libA,2,1,1
361,R,I,0.0037,0.1011,74.0,230517,libA,2,1,1
361,R,K,0.0032,-0.0891,31.0,230517,libA,2,1,1
361,R,L,0.0033,-0.0433,19.0,230517,libA,2,1,1
361,R,M,0.0035,0.0151,37.0,230517,libA,2,1,1
361,R,N,0.0038,0.146,34.0,230517,libA,2,1,1
361,R,Q,0.0031,-0.1413,32.0,230517,libA,2,1,1
361,R,R,0.0034,0.0,,230517,libA,2,1,1
361,R,S,0.0037,0.1103,42.0,230517,libA,2,1,1
361,R,T,0.003,-0.2198,39.0,230517,libA,2,1,1
361,R,V,0.0033,-0.074,33.0,230517,libA,2,1,1
361,R,W,0.004,0.2197,28.0,230517,libA,2,1,1
361,R,Y,0.0035,0.0399,18.0,230517,libA,2,1,1
362,G,*,0.0038,0.1254,9.0,230517,libA,2,1,1
362,G,E,0.0034,-0.0333,1.0,230517,libA,2,1,1
362,G,G,0.0034,0.0,,230517,libA,2,1,1
362,G,V,0.0034,-0.0138,1.0,230517,libA,2,1,1
363,Q,E,0.0034,-0.0244,58.0,230517,libA,2,1,1
363,Q,F,0.0032,-0.1131,26.0,230517,libA,2,1,1
363,Q,H,0.0036,0.0611,1.0,230517,libA,2,1,1
363,Q,K,0.0034,-0.0391,1.0,230517,libA,2,1,1
363,Q,M,0.0031,-0.1654,47.0,230517,libA,2,1,1
363,Q,Q,0.0034,0.0,,230517,libA,2,1,1
363,Q,T,0.0038,0.1472,91.0,230517,libA,2,1,1
363,Q,Y,0.0034,0.0029,20.0,230517,libA,2,1,1
364,A,A,0.0034,0.0,,230517,libA,2,1,1
364,A,E,0.0034,-0.0136,1.0,230517,libA,2,1,1
364,A,S,0.0033,-0.0772,45.0,230517,libA,2,1,1
364,A,T,0.0034,-0.0392,3.0,230517,libA,2,1,1
364,A,V,0.0032,-0.1194,43.0,230517,libA,2,1,1
365,A,A,0.0034,0.0,,230517,libA,2,1,1
365,A,Q,0.0033,-0.0683,5.0,230517,libA,2,1,1
365,A,S,0.0034,-0.0144,3.0,230517,libA,2,1,1
365,A,T,0.0033,-0.0791,3.0,230517,libA,2,1,1
367,L,A,0.0035,0.0163,26.0,230517,libA,2,1,1
367,L,E,0.0036,0.0584,27.0,230517,libA,2,1,1
367,L,F,0.0033,-0.0396,42.0,230517,libA,2,1,1
367,L,H,0.0032,-0.1057,82.0,230517,libA,2,1,1
367,L,I,0.0038,0.1502,45.0,230517,libA,2,1,1
367,L,K,0.0028,-0.2729,26.0,230517,libA,2,1,1
367,L,L,0.0034,0.0,,230517,libA,2,1,1
367,L,M,0.0036,0.0497,36.0,230517,libA,2,1,1
367,L,P,0.0034,-0.032,2.0,230517,libA,2,1,1
367,L,Q,0.0045,0.3757,36.0,230517,libA,2,1,1
367,L,R,0.0031,-0.1631,33.0,230517,libA,2,1,1
367,L,V,0.0032,-0.0936,23.0,230517,libA,2,1,1
367,L,W,0.0026,-0.3865,19.0,230517,libA,2,1,1
367,L,Y,0.0039,0.1761,37.0,230517,libA,2,1,1
368,K,A,0.0032,-0.0889,41.0,230517,libA,2,1,1
368,K,D,0.0029,-0.2544,40.0,230517,libA,2,1,1
368,K,E,0.0026,-0.3956,56.0,230517,libA,2,1,1
368,K,F,0.0037,0.0887,42.0,230517,libA,2,1,1
368,K,G,0.0041,0.2363,38.0,230517,libA,2,1,1
368,K,H,0.0037,0.1219,34.0,230517,libA,2,1,1
368,K,I,0.0036,0.0809,85.0,230517,libA,2,1,1
368,K,K,0.0034,0.0,,230517,libA,2,1,1
368,K,L,0.0035,0.018,32.0,230517,libA,2,1,1
368,K,M,0.0031,-0.1461,52.0,230517,libA,2,1,1
368,K,P,0.0034,-0.0176,33.0,230517,libA,2,1,1
368,K,Q,0.0033,-0.0649,58.0,230517,libA,2,1,1
368,K,R,0.0035,0.0169,80.0,230517,libA,2,1,1
368,K,S,0.0039,0.1877,37.0,230517,libA,2,1,1
368,K,T,0.0035,0.0357,62.0,230517,libA,2,1,1
368,K,V,0.003,-0.2215,39.0,230517,libA,2,1,1
368,K,W,0.003,-0.1977,27.0,230517,libA,2,1,1
368,K,Y,0.0032,-0.1222,39.0,230517,libA,2,1,1
369,S,A,0.003,-0.1903,40.0,230517,libA,2,1,1
369,S,C,0.0035,0.0381,1.0,230517,libA,2,1,1
369,S,G,0.0059,0.777,5.0,230517,libA,2,1,1
369,S,H,0.0034,-0.0004,31.0,230517,libA,2,1,1
369,S,I,0.0035,0.0322,1.0,230517,libA,2,1,1
369,S,R,0.0034,-0.0162,1.0,230517,libA,2,1,1
369,S,S,0.0034,0.0,,230517,libA,2,1,1
369,S,T,0.0038,0.1338,43.0,230517,libA,2,1,1
37,T,A,0.0032,-0.1251,10.0,230517,libA,2,1,1
37,T,C,0.0033,-0.0406,17.0,230517,libA,2,1,1
37,T,I,0.0031,-0.1403,40.0,230517,libA,2,1,1
37,T,M,0.003,-0.1867,24.0,230517,libA,2,1,1
37,T,N,0.0028,-0.2966,7.0,230517,libA,2,1,1
37,T,T,0.0034,0.0,,230517,libA,2,1,1
37,T,V,0.0036,0.0781,29.0,230517,libA,2,1,1
37,T,Y,0.0032,-0.1045,6.0,230517,libA,2,1,1
370,T,N,0.0033,-0.0411,1.0,230517,libA,2,1,1
370,T,T,0.0034,0.0,,230517,libA,2,1,1
371,Q,A,0.0035,0.0422,18.0,230517,libA,2,1,1
371,Q,K,0.0037,0.0945,6.0,230517,libA,2,1,1
371,Q,N,0.0035,0.0151,25.0,230517,libA,2,1,1
371,Q,Q,0.0034,0.0,,230517,libA,2,1,1
371,Q,R,0.0033,-0.0734,29.0,230517,libA,2,1,1
371,Q,S,0.0033,-0.0537,36.0,230517,libA,2,1,1
371,Q,T,0.0036,0.0621,26.0,230517,libA,2,1,1
372,A,A,0.0034,0.0,,230517,libA,2,1,1
372,A,C,0.0039,0.1716,34.0,230517,libA,2,1,1
372,A,D,0.0036,0.0813,12.0,230517,libA,2,1,1
372,A,E,0.0034,-0.0068,20.0,230517,libA,2,1,1
372,A,F,0.004,0.2301,29.0,230517,libA,2,1,1
372,A,H,0.0037,0.1202,16.0,230517,libA,2,1,1
372,A,K,0.0034,-0.0129,14.0,230517,libA,2,1,1
372,A,L,0.0035,0.004,21.0,230517,libA,2,1,1
372,A,M,0.0039,0.1618,19.0,230517,libA,2,1,1
372,A,N,0.0033,-0.0477,20.0,230517,libA,2,1,1
372,A,Q,0.0033,-0.0435,25.0,230517,libA,2,1,1
372,A,R,0.0037,0.1161,15.0,230517,libA,2,1,1
372,A,S,0.0035,0.026,44.0,230517,libA,2,1,1
372,A,T,0.0034,-0.0071,51.0,230517,libA,2,1,1
372,A,V,0.0043,0.3104,51.0,230517,libA,2,1,1
372,A,W,0.0033,-0.0567,27.0,230517,libA,2,1,1
372,A,Y,0.0036,0.0806,24.0,230517,libA,2,1,1
373,A,A,0.0034,0.0,,230517,libA,2,1,1
373,A,C,0.0032,-0.126,21.0,230517,libA,2,1,1
373,A,I,0.0042,0.2901,17.0,230517,libA,2,1,1
373,A,S,0.0032,-0.1206,23.0,230517,libA,2,1,1
373,A,T,0.0032,-0.1047,38.0,230517,libA,2,1,1
373,A,V,0.0036,0.0528,26.0,230517,libA,2,1,1
374,I,A,0.0035,0.0048,19.0,230517,libA,2,1,1
374,I,E,0.0033,-0.0474,31.0,230517,libA,2,1,1
374,I,H,0.0033,-0.0409,28.0,230517,libA,2,1,1
374,I,I,0.0034,0.0,,230517,libA,2,1,1
374,I,L,0.0036,0.082,29.0,230517,libA,2,1,1
374,I,M,0.0031,-0.1721,35.0,230517,libA,2,1,1
374,I,Q,0.0037,0.104,35.0,230517,libA,2,1,1
374,I,R,0.0037,0.1012,56.0,230517,libA,2,1,1
374,I,S,0.0041,0.2563,56.0,230517,libA,2,1,1
374,I,T,0.0033,-0.0534,47.0,230517,libA,2,1,1
374,I,V,0.0041,0.2552,43.0,230517,libA,2,1,1
374,I,W,0.004,0.213,31.0,230517,libA,2,1,1
374,I,Y,0.0041,0.2366,43.0,230517,libA,2,1,1
375,D,A,0.0034,-0.0255,26.0,230517,libA,2,1,1
375,D,D,0.0034,0.0,,230517,libA,2,1,1
375,D,E,0.0037,0.1112,45.0,230517,libA,2,1,1
375,D,G,0.0032,-0.122,39.0,230517,libA,2,1,1
375,D,H,0.0035,0.0148,31.0,230517,libA,2,1,1
375,D,M,0.0032,-0.0979,16.0,230517,libA,2,1,1
375,D,N,0.0035,0.0124,56.0,230517,libA,2,1,1
375,D,Q,0.0028,-0.2773,18.0,230517,libA,2,1,1
375,D,S,0.004,0.2092,42.0,230517,libA,2,1,1
375,D,T,0.0034,-0.0082,34.0,230517,libA,2,1,1
376,Q,A,0.0032,-0.113,25.0,230517,libA,2,1,1
376,Q,E,0.0036,0.0615,40.0,230517,libA,2,1,1
376,Q,G,0.0034,-0.0012,32.0,230517,libA,2,1,1
376,Q,H,0.0031,-0.147,44.0,230517,libA,2,1,1
376,Q,I,0.0038,0.1324,37.0,230517,libA,2,1,1
376,Q,K,0.0033,-0.0516,57.0,230517,libA,2,1,1
376,Q,L,0.0027,-0.3692,35.0,230517,libA,2,1,1
376,Q,M,0.0035,0.0171,23.0,230517,libA,2,1,1
376,Q,Q,0.0034,0.0,,230517,libA,2,1,1
376,Q,R,0.0034,-0.0024,2.0,230517,libA,2,1,1
376,Q,S,0.0031,-0.1741,12.0,230517,libA,2,1,1
376,Q,T,0.0034,-0.0186,59.0,230517,libA,2,1,1
376,Q,V,0.0033,-0.0763,27.0,230517,libA,2,1,1
376,Q,Y,0.0031,-0.1639,22.0,230517,libA,2,1,1
377,I,I,0.0034,0.0,,230517,libA,2,1,1
377,I,L,0.0034,-0.0377,28.0,230517,libA,2,1,1
377,I,V,0.0034,-0.0363,21.0,230517,libA,2,1,1
378,N,A,0.0034,-0.0286,15.0,230517,libA,2,1,1
378,N,D,0.0033,-0.0723,16.0,230517,libA,2,1,1
378,N,E,0.0032,-0.1082,12.0,230517,libA,2,1,1
378,N,G,0.0034,-0.0281,25.0,230517,libA,2,1,1
378,N,H,0.0032,-0.0909,14.0,230517,libA,2,1,1
378,N,I,0.0035,0.0166,1.0,230517,libA,2,1,1
378,N,N,0.0034,0.0,,230517,libA,2,1,1
378,N,Q,0.0035,0.038,15.0,230517,libA,2,1,1
378,N,R,0.0034,-0.0042,12.0,230517,libA,2,1,1
378,N,S,0.0033,-0.0589,10.0,230517,libA,2,1,1
378,N,W,0.0032,-0.1167,11.0,230517,libA,2,1,1
379,G,D,0.0034,-0.0045,18.0,230517,libA,2,1,1
379,G,E,0.0033,-0.0745,22.0,230517,libA,2,1,1
379,G,G,0.0034,0.0,,230517,libA,2,1,1
379,G,H,0.0032,-0.096,20.0,230517,libA,2,1,1
379,G,K,0.0034,-0.0078,12.0,230517,libA,2,1,1
379,G,M,0.0036,0.0554,20.0,230517,libA,2,1,1
379,G,N,0.0032,-0.116,29.0,230517,libA,2,1,1
379,G,P,0.0035,0.0071,5.0,230517,libA,2,1,1
379,G,Q,0.0036,0.0608,24.0,230517,libA,2,1,1
379,G,R,0.0033,-0.0684,22.0,230517,libA,2,1,1
379,G,S,0.0035,0.0051,6.0,230517,libA,2,1,1
379,G,T,0.0037,0.1178,39.0,230517,libA,2,1,1
379,G,V,0.0036,0.0748,15.0,230517,libA,2,1,1
379,G,W,0.003,-0.2105,24.0,230517,libA,2,1,1
379,G,Y,0.0033,-0.0778,9.0,230517,libA,2,1,1
38,N,A,0.0035,0.0201,21.0,230517,libA,2,1,1
38,N,C,0.0037,0.0878,16.0,230517,libA,2,1,1
38,N,D,0.0032,-0.1123,22.0,230517,libA,2,1,1
38,N,E,0.0029,-0.2508,32.0,230517,libA,2,1,1
38,N,F,0.0029,-0.24,14.0,230517,libA,2,1,1
38,N,G,0.0031,-0.1454,17.0,230517,libA,2,1,1
38,N,K,0.0028,-0.3184,46.0,230517,libA,2,1,1
38,N,M,0.0033,-0.0614,41.0,230517,libA,2,1,1
38,N,N,0.0034,0.0,,230517,libA,2,1,1
38,N,Q,0.0032,-0.11,48.0,230517,libA,2,1,1
38,N,R,0.0029,-0.2368,47.0,230517,libA,2,1,1
38,N,S,0.0034,-0.0324,25.0,230517,libA,2,1,1
38,N,T,0.0031,-0.1523,28.0,230517,libA,2,1,1
38,N,V,0.0034,-0.0021,1.0,230517,libA,2,1,1
38,N,Y,0.0032,-0.0948,14.0,230517,libA,2,1,1
380,K,A,0.0033,-0.0707,30.0,230517,libA,2,1,1
380,K,D,0.0031,-0.1521,5.0,230517,libA,2,1,1
380,K,G,0.0033,-0.0691,15.0,230517,libA,2,1,1
380,K,K,0.0034,0.0,,230517,libA,2,1,1
380,K,N,0.0031,-0.1496,26.0,230517,libA,2,1,1
380,K,Q,0.0035,0.0258,14.0,230517,libA,2,1,1
381,L,F,0.0029,-0.2402,18.0,230517,libA,2,1,1
381,L,I,0.0038,0.1271,4.0,230517,libA,2,1,1
381,L,L,0.0034,0.0,,230517,libA,2,1,1
381,L,M,0.0039,0.1963,29.0,230517,libA,2,1,1
381,L,P,0.0035,0.0144,6.0,230517,libA,2,1,1
381,L,V,0.003,-0.1914,26.0,230517,libA,2,1,1
381,L,W,0.0033,-0.0677,28.0,230517,libA,2,1,1
381,L,Y,0.0035,0.0073,7.0,230517,libA,2,1,1
382,N,A,0.0035,0.0032,22.0,230517,libA,2,1,1
382,N,D,0.0034,-0.0324,42.0,230517,libA,2,1,1
382,N,E,0.0034,-0.0177,21.0,230517,libA,2,1,1
382,N,G,0.0031,-0.13,24.0,230517,libA,2,1,1
382,N,K,0.0035,0.012,26.0,230517,libA,2,1,1
382,N,N,0.0034,0.0,,230517,libA,2,1,1
382,N,R,0.0035,0.023,23.0,230517,libA,2,1,1
382,N,S,0.0037,0.121,22.0,230517,libA,2,1,1
382,N,T,0.003,-0.1895,32.0,230517,libA,2,1,1
383,R,*,0.0035,0.0177,5.0,230517,libA,2,1,1
383,R,A,0.0037,0.0974,24.0,230517,libA,2,1,1
383,R,G,0.0028,-0.2891,23.0,230517,libA,2,1,1
383,R,H,0.0035,0.0194,19.0,230517,libA,2,1,1
383,R,K,0.0033,-0.0469,35.0,230517,libA,2,1,1
383,R,L,0.0034,-0.0136,1.0,230517,libA,2,1,1
383,R,M,0.0031,-0.1696,14.0,230517,libA,2,1,1
383,R,N,0.0035,0.0045,26.0,230517,libA,2,1,1
383,R,Q,0.0033,-0.0563,5.0,230517,libA,2,1,1
383,R,R,0.0034,0.0,,230517,libA,2,1,1
383,R,S,0.0034,-0.0009,49.0,230517,libA,2,1,1
383,R,T,0.0033,-0.0813,19.0,230517,libA,2,1,1
384,L,F,0.0038,0.138,55.0,230517,libA,2,1,1
384,L,I,0.0026,-0.387,31.0,230517,libA,2,1,1
384,L,L,0.0034,0.0,,230517,libA,2,1,1
384,L,M,0.0033,-0.0518,33.0,230517,libA,2,1,1
384,L,V,0.0034,-0.0144,27.0,230517,libA,2,1,1
384,L,W,0.0032,-0.123,16.0,230517,libA,2,1,1
385,I,I,0.0034,0.0,,230517,libA,2,1,1
385,I,L,0.0034,-0.0319,27.0,230517,libA,2,1,1
385,I,M,0.0029,-0.2654,11.0,230517,libA,2,1,1
385,I,T,0.0031,-0.1631,11.0,230517,libA,2,1,1
385,I,V,0.0039,0.1762,12.0,230517,libA,2,1,1
386,G,*,0.0029,-0.239,7.0,230517,libA,2,1,1
386,G,A,0.0034,-0.001,22.0,230517,libA,2,1,1
386,G,C,0.0029,-0.234,16.0,230517,libA,2,1,1
386,G,D,0.0033,-0.0537,28.0,230517,libA,2,1,1
386,G,E,0.0029,-0.2591,22.0,230517,libA,2,1,1
386,G,F,0.0034,-0.0029,24.0,230517,libA,2,1,1
386,G,G,0.0034,0.0,,230517,libA,2,1,1
386,G,H,0.0034,-0.0234,23.0,230517,libA,2,1,1
386,G,I,0.0033,-0.0408,31.0,230517,libA,2,1,1
386,G,K,0.0031,-0.1638,17.0,230517,libA,2,1,1
386,G,L,0.0034,-0.0139,33.0,230517,libA,2,1,1
386,G,M,0.0035,0.0361,25.0,230517,libA,2,1,1
386,G,N,0.0037,0.1153,25.0,230517,libA,2,1,1
386,G,P,0.0036,0.0822,22.0,230517,libA,2,1,1
386,G,Q,0.0033,-0.0442,14.0,230517,libA,2,1,1
386,G,R,0.0032,-0.1074,6.0,230517,libA,2,1,1
386,G,S,0.0033,-0.0607,26.0,230517,libA,2,1,1
386,G,T,0.0034,-0.0374,18.0,230517,libA,2,1,1
386,G,V,0.0031,-0.1476,10.0,230517,libA,2,1,1
386,G,W,0.0034,-0.0107,13.0,230517,libA,2,1,1
386,G,Y,0.0032,-0.1239,26.0,230517,libA,2,1,1
387,K,A,0.0034,-0.0046,16.0,230517,libA,2,1,1
387,K,D,0.0033,-0.052,12.0,230517,libA,2,1,1
387,K,H,0.0036,0.0449,17.0,230517,libA,2,1,1
387,K,K,0.0034,0.0,,230517,libA,2,1,1
387,K,N,0.0032,-0.1003,37.0,230517,libA,2,1,1
387,K,Q,0.003,-0.1763,26.0,230517,libA,2,1,1
387,K,R,0.0034,-0.008,20.0,230517,libA,2,1,1
387,K,T,0.0035,0.0397,17.0,230517,libA,2,1,1
387,K,V,0.0032,-0.1203,12.0,230517,libA,2,1,1
388,T,A,0.0036,0.0737,17.0,230517,libA,2,1,1
388,T,E,0.0033,-0.0419,9.0,230517,libA,2,1,1
388,T,G,0.0037,0.0891,20.0,230517,libA,2,1,1
388,T,K,0.0034,-0.0209,3.0,230517,libA,2,1,1
388,T,N,0.0034,-0.0109,3.0,230517,libA,2,1,1
388,T,P,0.0029,-0.2605,12.0,230517,libA,2,1,1
388,T,Q,0.0027,-0.3665,15.0,230517,libA,2,1,1
388,T,S,0.0033,-0.0818,18.0,230517,libA,2,1,1
388,T,T,0.0034,0.0,,230517,libA,2,1,1
388,T,V,0.0034,-0.0018,22.0,230517,libA,2,1,1
388,T,Y,0.0026,-0.4033,25.0,230517,libA,2,1,1
389,N,D,0.0031,-0.1281,19.0,230517,libA,2,1,1
389,N,G,0.0033,-0.0703,10.0,230517,libA,2,1,1
389,N,K,0.0036,0.0559,1.0,230517,libA,2,1,1
389,N,N,0.0034,0.0,,230517,libA,2,1,1
389,N,Q,0.0032,-0.101,20.0,230517,libA,2,1,1
389,N,S,0.0032,-0.1011,16.0,230517,libA,2,1,1
389,N,T,0.0033,-0.0479,16.0,230517,libA,2,1,1
39,A,A,0.0034,0.0,,230517,libA,2,1,1
39,A,D,0.0029,-0.2497,10.0,230517,libA,2,1,1
39,A,L,0.0034,-0.0229,1.0,230517,libA,2,1,1
39,A,N,0.0034,-0.0194,3.0,230517,libA,2,1,1
39,A,S,0.0031,-0.1542,26.0,230517,libA,2,1,1
39,A,T,0.0033,-0.0423,7.0,230517,libA,2,1,1
39,A,V,0.0034,-0.0384,2.0,230517,libA,2,1,1
390,E,*,0.0031,-0.1382,6.0,230517,libA,2,1,1
390,E,A,0.0035,0.0129,20.0,230517,libA,2,1,1
390,E,D,0.0033,-0.056,35.0,230517,libA,2,1,1
390,E,E,0.0034,0.0,,230517,libA,2,1,1
390,E,F,0.0036,0.0688,9.0,230517,libA,2,1,1
390,E,H,0.0035,0.0132,13.0,230517,libA,2,1,1
390,E,I,0.0033,-0.0457,17.0,230517,libA,2,1,1
390,E,K,0.0034,-0.0254,1.0,230517,libA,2,1,1
390,E,L,0.0033,-0.0647,15.0,230517,libA,2,1,1
390,E,M,0.0032,-0.1023,24.0,230517,libA,2,1,1
390,E,N,0.0034,-0.0242,24.0,230517,libA,2,1,1
390,E,P,0.0032,-0.0867,15.0,230517,libA,2,1,1
390,E,Q,0.0038,0.1265,22.0,230517,libA,2,1,1
390,E,R,0.003,-0.2148,15.0,230517,libA,2,1,1
390,E,S,0.0031,-0.1517,30.0,230517,libA,2,1,1
390,E,T,0.0039,0.1692,18.0,230517,libA,2,1,1
390,E,V,0.0033,-0.0707,56.0,230517,libA,2,1,1
390,E,Y,0.003,-0.1895,10.0,230517,libA,2,1,1
391,K,E,0.0033,-0.0566,19.0,230517,libA,2,1,1
391,K,G,0.0029,-0.2291,16.0,230517,libA,2,1,1
391,K,H,0.0031,-0.1485,20.0,230517,libA,2,1,1
391,K,K,0.0034,0.0,,230517,libA,2,1,1
391,K,M,0.0033,-0.055,20.0,230517,libA,2,1,1
391,K,N,0.0031,-0.1447,36.0,230517,libA,2,1,1
391,K,Q,0.0035,0.0144,39.0,230517,libA,2,1,1
391,K,R,0.0036,0.0523,29.0,230517,libA,2,1,1
392,F,F,0.0034,0.0,,230517,libA,2,1,1
392,F,L,0.0032,-0.1057,6.0,230517,libA,2,1,1
392,F,S,0.0032,-0.0902,17.0,230517,libA,2,1,1
392,F,W,0.0039,0.1649,15.0,230517,libA,2,1,1
392,F,Y,0.0042,0.2702,26.0,230517,libA,2,1,1
393,H,H,0.0034,0.0,,230517,libA,2,1,1
393,H,N,0.0028,-0.3235,17.0,230517,libA,2,1,1
393,H,R,0.0033,-0.0541,1.0,230517,libA,2,1,1
394,Q,A,0.0032,-0.1171,20.0,230517,libA,2,1,1
394,Q,E,0.0032,-0.0992,31.0,230517,libA,2,1,1
394,Q,G,0.0034,-0.0351,15.0,230517,libA,2,1,1
394,Q,H,0.0032,-0.0924,45.0,230517,libA,2,1,1
394,Q,K,0.0033,-0.0585,2.0,230517,libA,2,1,1
394,Q,Q,0.0034,0.0,,230517,libA,2,1,1
394,Q,R,0.0031,-0.1558,6.0,230517,libA,2,1,1
394,Q,S,0.0035,0.0113,36.0,230517,libA,2,1,1
394,Q,T,0.0032,-0.0997,30.0,230517,libA,2,1,1
395,I,I,0.0034,0.0,,230517,libA,2,1,1
395,I,V,0.0034,-0.0255,1.0,230517,libA,2,1,1
396,E,*,0.0034,-0.0321,2.0,230517,libA,2,1,1
396,E,E,0.0034,0.0,,230517,libA,2,1,1
396,E,G,0.0034,-0.029,2.0,230517,libA,2,1,1
397,K,D,0.0029,-0.2573,8.0,230517,libA,2,1,1
397,K,K,0.0034,0.0,,230517,libA,2,1,1
398,E,*,0.0033,-0.0412,1.0,230517,libA,2,1,1
398,E,D,0.0032,-0.0913,23.0,230517,libA,2,1,1
398,E,E,0.0034,0.0,,230517,libA,2,1,1
398,E,G,0.0034,-0.0186,1.0,230517,libA,2,1,1
398,E,S,0.0034,-0.0121,15.0,230517,libA,2,1,1
399,F,D,0.0029,-0.2525,12.0,230517,libA,2,1,1
399,F,E,0.0032,-0.0872,12.0,230517,libA,2,1,1
399,F,F,0.0034,0.0,,230517,libA,2,1,1
399,F,H,0.0031,-0.1453,10.0,230517,libA,2,1,1
399,F,L,0.0036,0.0832,5.0,230517,libA,2,1,1
399,F,W,0.0034,-0.0265,10.0,230517,libA,2,1,1
399,F,Y,0.0036,0.0447,22.0,230517,libA,2,1,1
4,P,A,0.0034,-0.033,23.0,230517,libA,2,1,1
4,P,C,0.0033,-0.0558,10.0,230517,libA,2,1,1
4,P,D,0.0033,-0.0559,24.0,230517,libA,2,1,1
4,P,E,0.0035,0.0235,35.0,230517,libA,2,1,1
4,P,F,0.0033,-0.0616,16.0,230517,libA,2,1,1
4,P,G,0.0035,0.0232,22.0,230517,libA,2,1,1
4,P,H,0.0035,0.0181,42.0,230517,libA,2,1,1
4,P,I,0.0034,-0.0063,56.0,230517,libA,2,1,1
4,P,K,0.0034,-0.0173,32.0,230517,libA,2,1,1
4,P,L,0.0043,0.3134,28.0,230517,libA,2,1,1
4,P,M,0.0038,0.1278,22.0,230517,libA,2,1,1
4,P,N,0.0037,0.1172,48.0,230517,libA,2,1,1
4,P,P,0.0034,0.0,,230517,libA,2,1,1
4,P,Q,0.003,-0.1902,18.0,230517,libA,2,1,1
4,P,R,0.0034,-0.0055,31.0,230517,libA,2,1,1
4,P,S,0.0034,-0.0349,36.0,230517,libA,2,1,1
4,P,T,0.0049,0.5009,26.0,230517,libA,2,1,1
4,P,V,0.0034,-0.037,19.0,230517,libA,2,1,1
4,P,W,0.0032,-0.1082,19.0,230517,libA,2,1,1
4,P,Y,0.0032,-0.1097,20.0,230517,libA,2,1,1
40,T,A,0.0031,-0.1656,22.0,230517,libA,2,1,1
40,T,E,0.0032,-0.0895,7.0,230517,libA,2,1,1
40,T,F,0.0029,-0.2386,27.0,230517,libA,2,1,1
40,T,I,0.0031,-0.1471,29.0,230517,libA,2,1,1
40,T,L,0.0031,-0.1321,18.0,230517,libA,2,1,1
40,T,M,0.0027,-0.374,27.0,230517,libA,2,1,1
40,T,Q,0.0032,-0.1104,12.0,230517,libA,2,1,1
40,T,S,0.0034,-0.0174,1.0,230517,libA,2,1,1
40,T,T,0.0034,0.0,,230517,libA,2,1,1
40,T,V,0.0033,-0.0485,12.0,230517,libA,2,1,1
40,T,Y,0.0031,-0.1365,14.0,230517,libA,2,1,1
400,S,*,0.003,-0.1867,8.0,230517,libA,2,1,1
400,S,A,0.0033,-0.0612,28.0,230517,libA,2,1,1
400,S,C,0.0036,0.0775,12.0,230517,libA,2,1,1
400,S,D,0.0034,-0.018,28.0,230517,libA,2,1,1
400,S,E,0.0036,0.0514,22.0,230517,libA,2,1,1
400,S,G,0.0032,-0.0875,13.0,230517,libA,2,1,1
400,S,H,0.0029,-0.2522,13.0,230517,libA,2,1,1
400,S,I,0.0034,-0.0048,20.0,230517,libA,2,1,1
400,S,L,0.0034,-0.0164,23.0,230517,libA,2,1,1
400,S,M,0.0033,-0.0606,15.0,230517,libA,2,1,1
400,S,N,0.0032,-0.1006,19.0,230517,libA,2,1,1
400,S,P,0.0032,-0.1138,15.0,230517,libA,2,1,1
400,S,Q,0.0034,-0.0243,15.0,230517,libA,2,1,1
400,S,R,0.0037,0.0944,13.0,230517,libA,2,1,1
400,S,S,0.0034,0.0,,230517,libA,2,1,1
400,S,T,0.0041,0.2595,14.0,230517,libA,2,1,1
400,S,V,0.0033,-0.046,12.0,230517,libA,2,1,1
400,S,Y,0.0028,-0.3162,20.0,230517,libA,2,1,1
401,E,*,0.0032,-0.1227,4.0,230517,libA,2,1,1
401,E,D,0.0026,-0.4027,18.0,230517,libA,2,1,1
401,E,E,0.0034,0.0,,230517,libA,2,1,1
401,E,F,0.004,0.2186,21.0,230517,libA,2,1,1
401,E,G,0.0034,-0.0211,25.0,230517,libA,2,1,1
401,E,I,0.0038,0.1424,37.0,230517,libA,2,1,1
401,E,K,0.0032,-0.0865,25.0,230517,libA,2,1,1
401,E,L,0.0032,-0.1176,15.0,230517,libA,2,1,1
401,E,M,0.0041,0.2567,15.0,230517,libA,2,1,1
401,E,N,0.0031,-0.1717,20.0,230517,libA,2,1,1
401,E,Q,0.0036,0.066,26.0,230517,libA,2,1,1
401,E,S,0.0034,-0.0159,17.0,230517,libA,2,1,1
401,E,T,0.003,-0.2065,14.0,230517,libA,2,1,1
401,E,V,0.0032,-0.089,7.0,230517,libA,2,1,1
401,E,W,0.0031,-0.1303,12.0,230517,libA,2,1,1
401,E,Y,0.0034,-0.0164,16.0,230517,libA,2,1,1
402,V,A,0.0035,0.0337,7.0,230517,libA,2,1,1
402,V,F,0.0033,-0.043,27.0,230517,libA,2,1,1
402,V,H,0.0032,-0.1095,21.0,230517,libA,2,1,1
402,V,I,0.004,0.2046,21.0,230517,libA,2,1,1
402,V,K,0.0028,-0.2762,26.0,230517,libA,2,1,1
402,V,L,0.0033,-0.0758,13.0,230517,libA,2,1,1
402,V,M,0.0035,0.0156,20.0,230517,libA,2,1,1
402,V,N,0.0028,-0.3116,21.0,230517,libA,2,1,1
402,V,Q,0.0033,-0.0482,30.0,230517,libA,2,1,1
402,V,R,0.0032,-0.1271,20.0,230517,libA,2,1,1
402,V,S,0.0028,-0.3111,36.0,230517,libA,2,1,1
402,V,T,0.0037,0.1203,16.0,230517,libA,2,1,1
402,V,V,0.0034,0.0,,230517,libA,2,1,1
402,V,W,0.0032,-0.0852,13.0,230517,libA,2,1,1
403,E,*,0.0034,-0.0199,2.0,230517,libA,2,1,1
403,E,A,0.0032,-0.1265,29.0,230517,libA,2,1,1
403,E,D,0.0033,-0.0584,3.0,230517,libA,2,1,1
403,E,E,0.0034,0.0,,230517,libA,2,1,1
403,E,M,0.003,-0.2199,30.0,230517,libA,2,1,1
403,E,Q,0.003,-0.2157,27.0,230517,libA,2,1,1
404,G,*,0.0033,-0.0654,13.0,230517,libA,2,1,1
404,G,E,0.0034,-0.0251,1.0,230517,libA,2,1,1
404,G,G,0.0034,0.0,,230517,libA,2,1,1
404,G,N,0.0034,-0.0029,20.0,230517,libA,2,1,1
404,G,P,0.0028,-0.3066,19.0,230517,libA,2,1,1
404,G,R,0.0033,-0.0441,2.0,230517,libA,2,1,1
404,G,V,0.0029,-0.2525,27.0,230517,libA,2,1,1
405,R,*,0.0035,0.008,2.0,230517,libA,2,1,1
405,R,C,0.0032,-0.1078,9.0,230517,libA,2,1,1
405,R,G,0.0035,0.0129,1.0,230517,libA,2,1,1
405,R,I,0.0032,-0.1023,4.0,230517,libA,2,1,1
405,R,R,0.0034,0.0,,230517,libA,2,1,1
406,V,F,0.0033,-0.0465,2.0,230517,libA,2,1,1
406,V,I,0.0037,0.1075,77.0,230517,libA,2,1,1
406,V,L,0.0034,-0.0326,18.0,230517,libA,2,1,1
406,V,M,0.0034,-0.0015,13.0,230517,libA,2,1,1
406,V,Q,0.0036,0.0472,7.0,230517,libA,2,1,1
406,V,T,0.0031,-0.1433,12.0,230517,libA,2,1,1
406,V,V,0.0034,0.0,,230517,libA,2,1,1
406,V,W,0.003,-0.1896,9.0,230517,libA,2,1,1
406,V,Y,0.0035,0.0323,16.0,230517,libA,2,1,1
407,Q,H,0.0032,-0.0943,3.0,230517,libA,2,1,1
407,Q,K,0.0033,-0.0521,8.0,230517,libA,2,1,1
407,Q,M,0.0033,-0.0784,20.0,230517,libA,2,1,1
407,Q,Q,0.0034,0.0,,230517,libA,2,1,1
407,Q,R,0.0032,-0.1101,5.0,230517,libA,2,1,1
408,D,D,0.0034,0.0,,230517,libA,2,1,1
408,D,E,0.0033,-0.0526,2.0,230517,libA,2,1,1
408,D,Y,0.0032,-0.0863,5.0,230517,libA,2,1,1
409,L,F,0.0033,-0.0565,1.0,230517,libA,2,1,1
409,L,I,0.0031,-0.1328,37.0,230517,libA,2,1,1
409,L,L,0.0034,0.0,,230517,libA,2,1,1
409,L,N,0.003,-0.2094,18.0,230517,libA,2,1,1
409,L,V,0.0033,-0.0603,11.0,230517,libA,2,1,1
41,E,*,0.0036,0.052,5.0,230517,libA,2,1,1
41,E,D,0.0037,0.1083,3.0,230517,libA,2,1,1
41,E,E,0.0034,0.0,,230517,libA,2,1,1
41,E,K,0.0034,-0.0123,1.0,230517,libA,2,1,1
410,E,*,0.003,-0.1922,3.0,230517,libA,2,1,1
410,E,D,0.0034,-0.0151,1.0,230517,libA,2,1,1
410,E,E,0.0034,0.0,,230517,libA,2,1,1
410,E,G,0.0034,-0.016,5.0,230517,libA,2,1,1
410,E,I,0.0026,-0.3774,19.0,230517,libA,2,1,1
410,E,K,0.0033,-0.0459,1.0,230517,libA,2,1,1
410,E,M,0.0026,-0.3914,40.0,230517,libA,2,1,1
410,E,T,0.0034,-0.0096,1.0,230517,libA,2,1,1
411,K,C,0.003,-0.2071,32.0,230517,libA,2,1,1
411,K,E,0.0031,-0.1625,46.0,230517,libA,2,1,1
411,K,K,0.0034,0.0,,230517,libA,2,1,1
411,K,L,0.0034,-0.0326,21.0,230517,libA,2,1,1
411,K,N,0.0033,-0.0696,32.0,230517,libA,2,1,1
411,K,Q,0.0033,-0.0612,54.0,230517,libA,2,1,1
411,K,R,0.0033,-0.0498,38.0,230517,libA,2,1,1
411,K,S,0.0033,-0.0396,35.0,230517,libA,2,1,1
411,K,T,0.0034,-0.0333,49.0,230517,libA,2,1,1
411,K,V,0.0035,0.017,23.0,230517,libA,2,1,1
411,K,Y,0.0034,-0.0001,38.0,230517,libA,2,1,1
412,Y,C,0.0036,0.0494,2.0,230517,libA,2,1,1
412,Y,H,0.0034,-0.0342,1.0,230517,libA,2,1,1
412,Y,M,0.0029,-0.2438,18.0,230517,libA,2,1,1
412,Y,Y,0.0034,0.0,,230517,libA,2,1,1
413,V,A,0.0034,-0.024,3.0,230517,libA,2,1,1
413,V,I,0.0033,-0.0502,28.0,230517,libA,2,1,1
413,V,M,0.003,-0.1897,12.0,230517,libA,2,1,1
413,V,N,0.0033,-0.068,9.0,230517,libA,2,1,1
413,V,T,0.0036,0.0742,17.0,230517,libA,2,1,1
413,V,V,0.0034,0.0,,230517,libA,2,1,1
414,E,*,0.0033,-0.0533,1.0,230517,libA,2,1,1
414,E,D,0.0031,-0.173,18.0,230517,libA,2,1,1
414,E,E,0.0034,0.0,,230517,libA,2,1,1
414,E,G,0.0033,-0.0553,2.0,230517,libA,2,1,1
415,D,D,0.0034,0.0,,230517,libA,2,1,1
415,D,E,0.0034,-0.0097,2.0,230517,libA,2,1,1
415,D,G,0.0032,-0.1047,16.0,230517,libA,2,1,1
415,D,N,0.0034,-0.026,1.0,230517,libA,2,1,1
415,D,T,0.0027,-0.3344,27.0,230517,libA,2,1,1
415,D,Y,0.0031,-0.1529,4.0,230517,libA,2,1,1
416,T,A,0.0031,-0.1512,25.0,230517,libA,2,1,1
416,T,C,0.0029,-0.2241,14.0,230517,libA,2,1,1
416,T,E,0.003,-0.2176,20.0,230517,libA,2,1,1
416,T,S,0.0033,-0.0729,51.0,230517,libA,2,1,1
416,T,T,0.0034,0.0,,230517,libA,2,1,1
416,T,V,0.003,-0.2008,35.0,230517,libA,2,1,1
417,K,K,0.0034,0.0,,230517,libA,2,1,1
417,K,T,0.0031,-0.136,22.0,230517,libA,2,1,1
418,I,I,0.0034,0.0,,230517,libA,2,1,1
418,I,M,0.0034,-0.0188,2.0,230517,libA,2,1,1
418,I,T,0.0033,-0.0538,29.0,230517,libA,2,1,1
418,I,V,0.0039,0.1665,25.0,230517,libA,2,1,1
419,D,D,0.0034,0.0,,230517,libA,2,1,1
419,D,E,0.0029,-0.251,27.0,230517,libA,2,1,1
419,D,N,0.0034,-0.0263,1.0,230517,libA,2,1,1
419,D,Y,0.0034,-0.0336,2.0,230517,libA,2,1,1
42,L,F,0.0036,0.0512,2.0,230517,libA,2,1,1
42,L,L,0.0034,0.0,,230517,libA,2,1,1
420,L,I,0.0033,-0.0555,44.0,230517,libA,2,1,1
420,L,L,0.0034,0.0,,230517,libA,2,1,1
420,L,M,0.0031,-0.1488,32.0,230517,libA,2,1,1
420,L,P,0.0034,-0.0292,1.0,230517,libA,2,1,1
421,W,C,0.0034,-0.0082,1.0,230517,libA,2,1,1
421,W,L,0.0034,-0.013,5.0,230517,libA,2,1,1
421,W,W,0.0034,0.0,,230517,libA,2,1,1
423,Y,*,0.0033,-0.055,1.0,230517,libA,2,1,1
423,Y,A,0.0031,-0.169,8.0,230517,libA,2,1,1
423,Y,C,0.0034,-0.0043,2.0,230517,libA,2,1,1
423,Y,F,0.0032,-0.0833,15.0,230517,libA,2,1,1
423,Y,H,0.0035,0.0189,2.0,230517,libA,2,1,1
423,Y,K,0.0034,-0.0271,5.0,230517,libA,2,1,1
423,Y,Y,0.0034,0.0,,230517,libA,2,1,1
424,N,D,0.0034,-0.0335,1.0,230517,libA,2,1,1
424,N,N,0.0034,0.0,,230517,libA,2,1,1
425,A,A,0.0034,0.0,,230517,libA,2,1,1
425,A,E,0.0037,0.0917,1.0,230517,libA,2,1,1
425,A,S,0.0038,0.139,2.0,230517,libA,2,1,1
425,A,T,0.0034,-0.0056,1.0,230517,libA,2,1,1
425,A,V,0.0034,-0.0215,2.0,230517,libA,2,1,1
426,E,*,0.0034,-0.0342,2.0,230517,libA,2,1,1
426,E,D,0.0034,-0.001,31.0,230517,libA,2,1,1
426,E,E,0.0034,0.0,,230517,libA,2,1,1
426,E,G,0.0034,-0.0348,1.0,230517,libA,2,1,1
427,L,F,0.0033,-0.0469,2.0,230517,libA,2,1,1
427,L,L,0.0034,0.0,,230517,libA,2,1,1
427,L,M,0.0031,-0.1634,70.0,230517,libA,2,1,1
427,L,Q,0.003,-0.2011,17.0,230517,libA,2,1,1
427,L,T,0.0029,-0.2578,32.0,230517,libA,2,1,1
427,L,V,0.0032,-0.1157,25.0,230517,libA,2,1,1
428,L,A,0.0032,-0.1174,30.0,230517,libA,2,1,1
428,L,F,0.0034,-0.0277,1.0,230517,libA,2,1,1
428,L,I,0.0032,-0.1021,41.0,230517,libA,2,1,1
428,L,L,0.0034,0.0,,230517,libA,2,1,1
428,L,M,0.0029,-0.2444,48.0,230517,libA,2,1,1
428,L,Q,0.003,-0.193,43.0,230517,libA,2,1,1
428,L,V,0.003,-0.1763,39.0,230517,libA,2,1,1
429,V,F,0.0035,0.0057,1.0,230517,libA,2,1,1
429,V,T,0.003,-0.2119,11.0,230517,libA,2,1,1
429,V,V,0.0034,0.0,,230517,libA,2,1,1
43,V,F,0.0033,-0.0745,1.0,230517,libA,2,1,1
43,V,I,0.0034,-0.0104,1.0,230517,libA,2,1,1
43,V,V,0.0034,0.0,,230517,libA,2,1,1
430,A,A,0.0034,0.0,,230517,libA,2,1,1
430,A,G,0.0034,-0.0386,1.0,230517,libA,2,1,1
430,A,K,0.0032,-0.091,53.0,230517,libA,2,1,1
430,A,L,0.0035,0.0376,16.0,230517,libA,2,1,1
430,A,M,0.0033,-0.0573,31.0,230517,libA,2,1,1
430,A,N,0.0035,0.0041,25.0,230517,libA,2,1,1
430,A,Q,0.0035,0.0041,19.0,230517,libA,2,1,1
430,A,R,0.0033,-0.0747,40.0,230517,libA,2,1,1
430,A,S,0.0035,0.0245,15.0,230517,libA,2,1,1
430,A,T,0.0028,-0.3041,31.0,230517,libA,2,1,1
430,A,V,0.0033,-0.0406,2.0,230517,libA,2,1,1
431,L,F,0.0028,-0.2871,15.0,230517,libA,2,1,1
431,L,I,0.0036,0.0657,23.0,230517,libA,2,1,1
431,L,L,0.0034,0.0,,230517,libA,2,1,1
431,L,M,0.003,-0.1798,70.0,230517,libA,2,1,1
431,L,P,0.0033,-0.0715,3.0,230517,libA,2,1,1
431,L,T,0.0029,-0.2449,17.0,230517,libA,2,1,1
431,L,V,0.0029,-0.2581,53.0,230517,libA,2,1,1
431,L,W,0.0038,0.1255,15.0,230517,libA,2,1,1
431,L,Y,0.0036,0.0711,15.0,230517,libA,2,1,1
432,E,E,0.0034,0.0,,230517,libA,2,1,1
432,E,N,0.0023,-0.5826,15.0,230517,libA,2,1,1
434,Q,E,0.0034,-0.0336,18.0,230517,libA,2,1,1
434,Q,K,0.0037,0.092,5.0,230517,libA,2,1,1
434,Q,Q,0.0034,0.0,,230517,libA,2,1,1
434,Q,T,0.0032,-0.105,38.0,230517,libA,2,1,1
435,H,E,0.0036,0.0769,55.0,230517,libA,2,1,1
435,H,H,0.0034,0.0,,230517,libA,2,1,1
435,H,M,0.0032,-0.1027,12.0,230517,libA,2,1,1
435,H,Q,0.0034,-0.0217,37.0,230517,libA,2,1,1
436,T,I,0.0034,-0.0,1.0,230517,libA,2,1,1
436,T,K,0.0034,-0.0148,1.0,230517,libA,2,1,1
436,T,T,0.0034,0.0,,230517,libA,2,1,1
437,I,I,0.0034,0.0,,230517,libA,2,1,1
437,I,L,0.0036,0.0743,40.0,230517,libA,2,1,1
437,I,V,0.0033,-0.0734,11.0,230517,libA,2,1,1
438,D,A,0.0032,-0.1228,22.0,230517,libA,2,1,1
438,D,D,0.0034,0.0,,230517,libA,2,1,1
438,D,E,0.0032,-0.1184,29.0,230517,libA,2,1,1
438,D,H,0.003,-0.22,15.0,230517,libA,2,1,1
438,D,Q,0.0033,-0.0632,20.0,230517,libA,2,1,1
438,D,Y,0.0034,-0.0008,3.0,230517,libA,2,1,1
439,L,A,0.0034,-0.021,28.0,230517,libA,2,1,1
439,L,F,0.0036,0.0802,34.0,230517,libA,2,1,1
439,L,I,0.0036,0.0453,6.0,230517,libA,2,1,1
439,L,L,0.0034,0.0,,230517,libA,2,1,1
439,L,M,0.0037,0.1023,40.0,230517,libA,2,1,1
439,L,V,0.0036,0.057,29.0,230517,libA,2,1,1
439,L,W,0.0038,0.1309,20.0,230517,libA,2,1,1
439,L,Y,0.004,0.2234,29.0,230517,libA,2,1,1
44,Q,*,0.0033,-0.0402,1.0,230517,libA,2,1,1
44,Q,A,0.0031,-0.1426,19.0,230517,libA,2,1,1
44,Q,D,0.0028,-0.2839,7.0,230517,libA,2,1,1
44,Q,E,0.0034,0.0005,18.0,230517,libA,2,1,1
44,Q,F,0.0031,-0.1427,16.0,230517,libA,2,1,1
44,Q,G,0.0035,0.0176,7.0,230517,libA,2,1,1
44,Q,H,0.0034,-0.0135,33.0,230517,libA,2,1,1
44,Q,I,0.003,-0.1862,14.0,230517,libA,2,1,1
44,Q,K,0.0033,-0.0736,4.0,230517,libA,2,1,1
44,Q,L,0.0034,-0.0295,22.0,230517,libA,2,1,1
44,Q,M,0.0033,-0.0663,11.0,230517,libA,2,1,1
44,Q,Q,0.0034,0.0,,230517,libA,2,1,1
44,Q,R,0.0031,-0.1584,6.0,230517,libA,2,1,1
44,Q,T,0.0033,-0.0626,21.0,230517,libA,2,1,1
44,Q,V,0.0033,-0.0436,10.0,230517,libA,2,1,1
44,Q,W,0.0031,-0.1481,10.0,230517,libA,2,1,1
44,Q,Y,0.0029,-0.229,16.0,230517,libA,2,1,1
440,T,F,0.0029,-0.2366,38.0,230517,libA,2,1,1
440,T,L,0.0032,-0.1148,30.0,230517,libA,2,1,1
440,T,T,0.0034,0.0,,230517,libA,2,1,1
441,D,A,0.0034,-0.0043,19.0,230517,libA,2,1,1
441,D,D,0.0034,0.0,,230517,libA,2,1,1
441,D,E,0.0033,-0.0474,4.0,230517,libA,2,1,1
441,D,G,0.0034,-0.0152,1.0,230517,libA,2,1,1
441,D,Y,0.0034,-0.0025,2.0,230517,libA,2,1,1
442,S,*,0.0034,-0.0157,1.0,230517,libA,2,1,1
442,S,A,0.0034,-0.0149,16.0,230517,libA,2,1,1
442,S,D,0.0033,-0.0768,18.0,230517,libA,2,1,1
442,S,E,0.0031,-0.1315,43.0,230517,libA,2,1,1
442,S,F,0.0035,0.0063,20.0,230517,libA,2,1,1
442,S,G,0.0031,-0.1459,15.0,230517,libA,2,1,1
442,S,H,0.0034,-0.0257,12.0,230517,libA,2,1,1
442,S,I,0.0033,-0.0673,21.0,230517,libA,2,1,1
442,S,K,0.004,0.2275,20.0,230517,libA,2,1,1
442,S,L,0.0034,-0.0336,9.0,230517,libA,2,1,1
442,S,M,0.0035,0.038,24.0,230517,libA,2,1,1
442,S,N,0.0033,-0.0498,17.0,230517,libA,2,1,1
442,S,Q,0.0038,0.1458,21.0,230517,libA,2,1,1
442,S,R,0.0043,0.3107,22.0,230517,libA,2,1,1
442,S,S,0.0034,0.0,,230517,libA,2,1,1
442,S,T,0.0034,-0.0193,11.0,230517,libA,2,1,1
442,S,W,0.0044,0.3481,11.0,230517,libA,2,1,1
442,S,Y,0.0031,-0.1473,17.0,230517,libA,2,1,1
443,E,A,0.0035,0.0166,24.0,230517,libA,2,1,1
443,E,E,0.0034,0.0,,230517,libA,2,1,1
443,E,F,0.0032,-0.1064,10.0,230517,libA,2,1,1
443,E,K,0.0033,-0.0431,9.0,230517,libA,2,1,1
443,E,L,0.0034,-0.0258,11.0,230517,libA,2,1,1
443,E,Q,0.0036,0.0576,17.0,230517,libA,2,1,1
443,E,S,0.0036,0.0755,7.0,230517,libA,2,1,1
443,E,T,0.0035,0.0391,12.0,230517,libA,2,1,1
443,E,V,0.0034,-0.0118,13.0,230517,libA,2,1,1
443,E,Y,0.0037,0.1031,19.0,230517,libA,2,1,1
444,M,I,0.0035,0.0164,2.0,230517,libA,2,1,1
444,M,M,0.0034,0.0,,230517,libA,2,1,1
444,M,P,0.0034,-0.0367,2.0,230517,libA,2,1,1
444,M,W,0.0031,-0.1298,5.0,230517,libA,2,1,1
445,N,A,0.0033,-0.0573,14.0,230517,libA,2,1,1
445,N,C,0.0031,-0.1683,10.0,230517,libA,2,1,1
445,N,D,0.0033,-0.0486,1.0,230517,libA,2,1,1
445,N,E,0.0029,-0.2583,22.0,230517,libA,2,1,1
445,N,G,0.0039,0.1824,12.0,230517,libA,2,1,1
445,N,I,0.0035,0.0203,14.0,230517,libA,2,1,1
445,N,K,0.0028,-0.2784,16.0,230517,libA,2,1,1
445,N,L,0.0034,-0.017,11.0,230517,libA,2,1,1
445,N,M,0.0033,-0.0777,10.0,230517,libA,2,1,1
445,N,N,0.0034,0.0,,230517,libA,2,1,1
445,N,Q,0.0032,-0.0995,15.0,230517,libA,2,1,1
445,N,R,0.0034,-0.0318,14.0,230517,libA,2,1,1
445,N,S,0.003,-0.1883,21.0,230517,libA,2,1,1
445,N,T,0.0033,-0.0503,11.0,230517,libA,2,1,1
445,N,V,0.0032,-0.111,18.0,230517,libA,2,1,1
445,N,Y,0.0035,0.0407,10.0,230517,libA,2,1,1
446,K,A,0.0033,-0.0587,13.0,230517,libA,2,1,1
446,K,H,0.003,-0.1832,18.0,230517,libA,2,1,1
446,K,I,0.0034,0.0012,6.0,230517,libA,2,1,1
446,K,K,0.0034,0.0,,230517,libA,2,1,1
446,K,L,0.0033,-0.0819,6.0,230517,libA,2,1,1
446,K,N,0.003,-0.1875,27.0,230517,libA,2,1,1
446,K,Q,0.0028,-0.3165,26.0,230517,libA,2,1,1
446,K,R,0.0045,0.3762,25.0,230517,libA,2,1,1
446,K,S,0.0026,-0.4092,32.0,230517,libA,2,1,1
447,L,L,0.0034,0.0,,230517,libA,2,1,1
447,L,M,0.0034,-0.0278,1.0,230517,libA,2,1,1
448,F,E,0.0037,0.113,3.0,230517,libA,2,1,1
448,F,F,0.0034,0.0,,230517,libA,2,1,1
448,F,W,0.0037,0.0911,25.0,230517,libA,2,1,1
448,F,Y,0.0038,0.1262,34.0,230517,libA,2,1,1
449,E,A,0.0039,0.1835,24.0,230517,libA,2,1,1
449,E,D,0.0036,0.0553,30.0,230517,libA,2,1,1
449,E,E,0.0034,0.0,,230517,libA,2,1,1
449,E,I,0.0032,-0.1119,9.0,230517,libA,2,1,1
449,E,L,0.0033,-0.0819,20.0,230517,libA,2,1,1
449,E,M,0.0027,-0.3727,21.0,230517,libA,2,1,1
449,E,Q,0.0035,0.0282,21.0,230517,libA,2,1,1
449,E,S,0.0027,-0.3563,16.0,230517,libA,2,1,1
449,E,T,0.0046,0.4139,6.0,230517,libA,2,1,1
449,E,V,0.0033,-0.0667,16.0,230517,libA,2,1,1
449,E,Y,0.0038,0.1255,14.0,230517,libA,2,1,1
45,N,A,0.0036,0.0585,20.0,230517,libA,2,1,1
45,N,C,0.0038,0.1417,10.0,230517,libA,2,1,1
45,N,D,0.0035,0.0051,25.0,230517,libA,2,1,1
45,N,G,0.0036,0.0779,22.0,230517,libA,2,1,1
45,N,H,0.0033,-0.0737,23.0,230517,libA,2,1,1
45,N,I,0.0039,0.1628,23.0,230517,libA,2,1,1
45,N,K,0.0032,-0.1239,17.0,230517,libA,2,1,1
45,N,L,0.0033,-0.0765,11.0,230517,libA,2,1,1
45,N,N,0.0034,0.0,,230517,libA,2,1,1
45,N,R,0.0032,-0.1132,8.0,230517,libA,2,1,1
45,N,S,0.0034,-0.0057,9.0,230517,libA,2,1,1
45,N,T,0.003,-0.21,17.0,230517,libA,2,1,1
45,N,V,0.0034,-0.0138,9.0,230517,libA,2,1,1
450,K,A,0.0043,0.3155,18.0,230517,libA,2,1,1
450,K,D,0.0034,-0.0168,5.0,230517,libA,2,1,1
450,K,E,0.0035,0.008,9.0,230517,libA,2,1,1
450,K,F,0.0027,-0.3653,12.0,230517,libA,2,1,1
450,K,G,0.003,-0.1836,13.0,230517,libA,2,1,1
450,K,H,0.0032,-0.099,12.0,230517,libA,2,1,1
450,K,K,0.0034,0.0,,230517,libA,2,1,1
450,K,L,0.0034,-0.035,17.0,230517,libA,2,1,1
450,K,M,0.0025,-0.4698,15.0,230517,libA,2,1,1
450,K,N,0.0036,0.0526,35.0,230517,libA,2,1,1
450,K,Q,0.0036,0.0679,28.0,230517,libA,2,1,1
450,K,R,0.0032,-0.0934,16.0,230517,libA,2,1,1
450,K,S,0.0032,-0.1223,23.0,230517,libA,2,1,1
450,K,T,0.0034,-0.0074,22.0,230517,libA,2,1,1
450,K,V,0.0031,-0.1453,16.0,230517,libA,2,1,1
450,K,Y,0.0031,-0.1337,9.0,230517,libA,2,1,1
451,T,T,0.0034,0.0,,230517,libA,2,1,1
451,T,V,0.0043,0.3194,24.0,230517,libA,2,1,1
452,K,E,0.0033,-0.0774,10.0,230517,libA,2,1,1
452,K,K,0.0034,0.0,,230517,libA,2,1,1
452,K,M,0.0033,-0.0492,1.0,230517,libA,2,1,1
452,K,R,0.0034,0.002,21.0,230517,libA,2,1,1
452,K,S,0.0033,-0.0798,9.0,230517,libA,2,1,1
453,K,A,0.0033,-0.0645,18.0,230517,libA,2,1,1
453,K,D,0.0032,-0.1064,25.0,230517,libA,2,1,1
453,K,E,0.0035,0.0201,11.0,230517,libA,2,1,1
453,K,F,0.003,-0.1823,23.0,230517,libA,2,1,1
453,K,G,0.0034,-0.0221,13.0,230517,libA,2,1,1
453,K,H,0.0036,0.0463,19.0,230517,libA,2,1,1
453,K,I,0.0033,-0.0441,25.0,230517,libA,2,1,1
453,K,K,0.0034,0.0,,230517,libA,2,1,1
453,K,L,0.0033,-0.0592,17.0,230517,libA,2,1,1
453,K,M,0.0041,0.2663,33.0,230517,libA,2,1,1
453,K,N,0.0034,0.0013,38.0,230517,libA,2,1,1
453,K,Q,0.0035,0.0401,24.0,230517,libA,2,1,1
453,K,R,0.005,0.5264,22.0,230517,libA,2,1,1
453,K,S,0.004,0.1989,15.0,230517,libA,2,1,1
453,K,T,0.0031,-0.1323,21.0,230517,libA,2,1,1
453,K,V,0.0034,-0.0254,17.0,230517,libA,2,1,1
453,K,W,0.0036,0.0778,17.0,230517,libA,2,1,1
453,K,Y,0.0032,-0.1121,22.0,230517,libA,2,1,1
454,Q,A,0.0031,-0.1346,16.0,230517,libA,2,1,1
454,Q,F,0.0027,-0.3601,9.0,230517,libA,2,1,1
454,Q,I,0.0035,0.0104,33.0,230517,libA,2,1,1
454,Q,K,0.0033,-0.0539,14.0,230517,libA,2,1,1
454,Q,L,0.0033,-0.071,20.0,230517,libA,2,1,1
454,Q,M,0.0035,0.0105,41.0,230517,libA,2,1,1
454,Q,N,0.0032,-0.0948,16.0,230517,libA,2,1,1
454,Q,Q,0.0034,0.0,,230517,libA,2,1,1
454,Q,S,0.0032,-0.0892,19.0,230517,libA,2,1,1
454,Q,T,0.0035,0.0061,27.0,230517,libA,2,1,1
454,Q,V,0.0034,-0.0269,14.0,230517,libA,2,1,1
455,L,L,0.0034,0.0,,230517,libA,2,1,1
455,L,M,0.0034,-0.0287,2.0,230517,libA,2,1,1
456,R,E,0.0032,-0.1155,5.0,230517,libA,2,1,1
456,R,G,0.0034,-0.0085,30.0,230517,libA,2,1,1
456,R,H,0.0035,0.0435,3.0,230517,libA,2,1,1
456,R,K,0.0033,-0.0406,1.0,230517,libA,2,1,1
456,R,M,0.0033,-0.0489,22.0,230517,libA,2,1,1
456,R,R,0.0034,0.0,,230517,libA,2,1,1
456,R,S,0.0034,-0.0168,25.0,230517,libA,2,1,1
457,E,D,0.0034,-0.0115,1.0,230517,libA,2,1,1
457,E,E,0.0034,0.0,,230517,libA,2,1,1
457,E,G,0.0034,-0.0098,1.0,230517,libA,2,1,1
459,A,A,0.0034,0.0,,230517,libA,2,1,1
459,A,D,0.0033,-0.0753,3.0,230517,libA,2,1,1
459,A,I,0.0034,-0.0305,5.0,230517,libA,2,1,1
46,S,A,0.0045,0.3919,25.0,230517,libA,2,1,1
46,S,D,0.0027,-0.3511,17.0,230517,libA,2,1,1
46,S,E,0.0039,0.1866,30.0,230517,libA,2,1,1
46,S,F,0.0031,-0.1326,19.0,230517,libA,2,1,1
46,S,G,0.0028,-0.294,32.0,230517,libA,2,1,1
46,S,H,0.004,0.2337,15.0,230517,libA,2,1,1
46,S,I,0.0035,0.0216,24.0,230517,libA,2,1,1
46,S,K,0.0047,0.4477,23.0,230517,libA,2,1,1
46,S,L,0.0032,-0.1089,19.0,230517,libA,2,1,1
46,S,M,0.0032,-0.1122,19.0,230517,libA,2,1,1
46,S,N,0.0029,-0.267,33.0,230517,libA,2,1,1
46,S,Q,0.0031,-0.17,16.0,230517,libA,2,1,1
46,S,R,0.0032,-0.1247,10.0,230517,libA,2,1,1
46,S,S,0.0034,0.0,,230517,libA,2,1,1
46,S,T,0.0035,0.0377,20.0,230517,libA,2,1,1
46,S,V,0.0029,-0.2536,18.0,230517,libA,2,1,1
46,S,W,0.0033,-0.0416,23.0,230517,libA,2,1,1
46,S,Y,0.0033,-0.0443,21.0,230517,libA,2,1,1
460,E,*,0.0034,-0.0346,1.0,230517,libA,2,1,1
460,E,D,0.0026,-0.3785,12.0,230517,libA,2,1,1
460,E,E,0.0034,0.0,,230517,libA,2,1,1
460,E,F,0.0034,-0.0027,15.0,230517,libA,2,1,1
460,E,T,0.0031,-0.1447,4.0,230517,libA,2,1,1
460,E,V,0.0027,-0.3378,45.0,230517,libA,2,1,1
461,D,C,0.0035,0.0309,3.0,230517,libA,2,1,1
461,D,D,0.0034,0.0,,230517,libA,2,1,1
461,D,G,0.0033,-0.0702,10.0,230517,libA,2,1,1
461,D,I,0.0032,-0.0946,17.0,230517,libA,2,1,1
461,D,N,0.0036,0.067,22.0,230517,libA,2,1,1
461,D,Y,0.0035,0.0268,2.0,230517,libA,2,1,1
462,M,I,0.0034,-0.0313,50.0,230517,libA,2,1,1
462,M,L,0.0029,-0.2697,23.0,230517,libA,2,1,1
462,M,M,0.0034,0.0,,230517,libA,2,1,1
462,M,Q,0.0033,-0.0731,14.0,230517,libA,2,1,1
462,M,T,0.0027,-0.3614,9.0,230517,libA,2,1,1
462,M,V,0.0033,-0.0445,1.0,230517,libA,2,1,1
463,G,C,0.0034,-0.0253,1.0,230517,libA,2,1,1
463,G,E,0.0034,-0.0256,1.0,230517,libA,2,1,1
463,G,G,0.0034,0.0,,230517,libA,2,1,1
463,G,S,0.0031,-0.1531,6.0,230517,libA,2,1,1
463,G,V,0.0033,-0.0493,2.0,230517,libA,2,1,1
464,N,N,0.0034,0.0,,230517,libA,2,1,1
464,N,T,0.003,-0.1818,17.0,230517,libA,2,1,1
464,N,V,0.0033,-0.0474,5.0,230517,libA,2,1,1
465,G,C,0.0034,-0.0341,1.0,230517,libA,2,1,1
465,G,G,0.0034,0.0,,230517,libA,2,1,1
466,C,C,0.0034,0.0,,230517,libA,2,1,1
466,C,L,0.0033,-0.0561,3.0,230517,libA,2,1,1
466,C,W,0.0031,-0.1306,6.0,230517,libA,2,1,1
467,F,F,0.0034,0.0,,230517,libA,2,1,1
467,F,L,0.0034,-0.0134,21.0,230517,libA,2,1,1
468,K,E,0.0037,0.0969,1.0,230517,libA,2,1,1
468,K,F,0.0038,0.1445,25.0,230517,libA,2,1,1
468,K,H,0.0036,0.0682,35.0,230517,libA,2,1,1
468,K,K,0.0034,0.0,,230517,libA,2,1,1
468,K,L,0.003,-0.1849,32.0,230517,libA,2,1,1
468,K,M,0.0034,0.0027,38.0,230517,libA,2,1,1
468,K,Q,0.0029,-0.2307,25.0,230517,libA,2,1,1
468,K,R,0.0036,0.0768,34.0,230517,libA,2,1,1
468,K,T,0.0032,-0.1161,27.0,230517,libA,2,1,1
468,K,Y,0.0035,0.0354,19.0,230517,libA,2,1,1
469,I,I,0.0034,0.0,,230517,libA,2,1,1
469,I,L,0.0033,-0.0617,16.0,230517,libA,2,1,1
469,I,N,0.0034,-0.0179,3.0,230517,libA,2,1,1
47,S,*,0.0024,-0.5043,33.0,230517,libA,2,1,1
47,S,A,0.0034,-0.008,19.0,230517,libA,2,1,1
47,S,D,0.0029,-0.2413,17.0,230517,libA,2,1,1
47,S,F,0.0035,0.0086,42.0,230517,libA,2,1,1
47,S,G,0.0035,0.0227,37.0,230517,libA,2,1,1
47,S,I,0.0038,0.1325,19.0,230517,libA,2,1,1
47,S,L,0.0027,-0.33,22.0,230517,libA,2,1,1
47,S,M,0.0035,0.036,10.0,230517,libA,2,1,1
47,S,N,0.003,-0.1883,19.0,230517,libA,2,1,1
47,S,P,0.0039,0.1786,3.0,230517,libA,2,1,1
47,S,S,0.0034,0.0,,230517,libA,2,1,1
47,S,T,0.0037,0.1185,37.0,230517,libA,2,1,1
47,S,V,0.0033,-0.0698,24.0,230517,libA,2,1,1
47,S,Y,0.0038,0.1556,37.0,230517,libA,2,1,1
470,Y,C,0.0033,-0.0757,1.0,230517,libA,2,1,1
470,Y,F,0.0042,0.2881,25.0,230517,libA,2,1,1
470,Y,H,0.0034,-0.0362,20.0,230517,libA,2,1,1
470,Y,K,0.0033,-0.0492,7.0,230517,libA,2,1,1
470,Y,N,0.0032,-0.0927,6.0,230517,libA,2,1,1
470,Y,W,0.0037,0.0922,22.0,230517,libA,2,1,1
470,Y,Y,0.0034,0.0,,230517,libA,2,1,1
471,H,C,0.0034,-0.0091,1.0,230517,libA,2,1,1
471,H,H,0.0034,0.0,,230517,libA,2,1,1
471,H,N,0.0033,-0.0406,2.0,230517,libA,2,1,1
471,H,Q,0.0035,0.0304,1.0,230517,libA,2,1,1
471,H,R,0.0036,0.0462,2.0,230517,libA,2,1,1
472,K,A,0.004,0.2087,14.0,230517,libA,2,1,1
472,K,E,0.0033,-0.0399,33.0,230517,libA,2,1,1
472,K,F,0.0037,0.1135,17.0,230517,libA,2,1,1
472,K,G,0.0033,-0.0755,7.0,230517,libA,2,1,1
472,K,H,0.0034,-0.0007,27.0,230517,libA,2,1,1
472,K,K,0.0034,0.0,,230517,libA,2,1,1
472,K,L,0.0035,0.0204,22.0,230517,libA,2,1,1
472,K,M,0.0034,-0.0366,21.0,230517,libA,2,1,1
472,K,N,0.0029,-0.2478,20.0,230517,libA,2,1,1
472,K,P,0.0033,-0.0447,13.0,230517,libA,2,1,1
472,K,Q,0.0033,-0.0434,44.0,230517,libA,2,1,1
472,K,R,0.0033,-0.0559,27.0,230517,libA,2,1,1
472,K,S,0.0031,-0.1501,28.0,230517,libA,2,1,1
472,K,T,0.0032,-0.1056,16.0,230517,libA,2,1,1
472,K,V,0.0033,-0.0622,13.0,230517,libA,2,1,1
472,K,Y,0.0037,0.1173,20.0,230517,libA,2,1,1
473,C,C,0.0034,0.0,,230517,libA,2,1,1
473,C,Y,0.0039,0.1962,1.0,230517,libA,2,1,1
474,D,D,0.0034,0.0,,230517,libA,2,1,1
474,D,E,0.0033,-0.0447,2.0,230517,libA,2,1,1
474,D,P,0.0033,-0.0701,2.0,230517,libA,2,1,1
475,N,D,0.0034,-0.0028,31.0,230517,libA,2,1,1
475,N,N,0.0034,0.0,,230517,libA,2,1,1
476,A,A,0.0034,0.0,,230517,libA,2,1,1
476,A,D,0.0034,-0.0111,40.0,230517,libA,2,1,1
476,A,E,0.0033,-0.0418,33.0,230517,libA,2,1,1
476,A,F,0.0034,-0.0203,21.0,230517,libA,2,1,1
476,A,G,0.0033,-0.0667,21.0,230517,libA,2,1,1
476,A,H,0.0035,0.0378,24.0,230517,libA,2,1,1
476,A,I,0.0041,0.2385,13.0,230517,libA,2,1,1
476,A,K,0.0032,-0.112,14.0,230517,libA,2,1,1
476,A,L,0.0034,-0.0121,27.0,230517,libA,2,1,1
476,A,M,0.0036,0.0603,25.0,230517,libA,2,1,1
476,A,N,0.0037,0.1017,11.0,230517,libA,2,1,1
476,A,Q,0.0037,0.0886,15.0,230517,libA,2,1,1
476,A,R,0.0034,-0.0375,5.0,230517,libA,2,1,1
476,A,S,0.0035,0.0427,17.0,230517,libA,2,1,1
476,A,T,0.0034,0.0021,22.0,230517,libA,2,1,1
476,A,V,0.0033,-0.0789,27.0,230517,libA,2,1,1
476,A,W,0.0034,-0.0371,6.0,230517,libA,2,1,1
476,A,Y,0.0034,-0.0314,10.0,230517,libA,2,1,1
477,C,*,0.0034,-0.0239,1.0,230517,libA,2,1,1
477,C,C,0.0034,0.0,,230517,libA,2,1,1
477,C,Y,0.0032,-0.1231,5.0,230517,libA,2,1,1
478,I,I,0.0034,0.0,,230517,libA,2,1,1
478,I,M,0.0031,-0.1589,84.0,230517,libA,2,1,1
478,I,V,0.0034,-0.0369,2.0,230517,libA,2,1,1
479,G,*,0.0034,-0.0079,3.0,230517,libA,2,1,1
479,G,A,0.0037,0.0908,25.0,230517,libA,2,1,1
479,G,C,0.0035,0.0214,11.0,230517,libA,2,1,1
479,G,D,0.0032,-0.0901,26.0,230517,libA,2,1,1
479,G,E,0.0035,0.0335,30.0,230517,libA,2,1,1
479,G,F,0.0032,-0.1183,8.0,230517,libA,2,1,1
479,G,G,0.0034,0.0,,230517,libA,2,1,1
479,G,H,0.0038,0.1488,26.0,230517,libA,2,1,1
479,G,I,0.0044,0.3536,27.0,230517,libA,2,1,1
479,G,K,0.003,-0.1834,17.0,230517,libA,2,1,1
479,G,L,0.0035,0.0182,10.0,230517,libA,2,1,1
479,G,M,0.0034,-0.0133,10.0,230517,libA,2,1,1
479,G,N,0.0039,0.1661,16.0,230517,libA,2,1,1
479,G,Q,0.0032,-0.0874,17.0,230517,libA,2,1,1
479,G,R,0.0036,0.0688,12.0,230517,libA,2,1,1
479,G,S,0.0032,-0.1193,20.0,230517,libA,2,1,1
479,G,T,0.0037,0.0942,18.0,230517,libA,2,1,1
479,G,V,0.0035,0.0295,18.0,230517,libA,2,1,1
479,G,W,0.0042,0.2747,19.0,230517,libA,2,1,1
479,G,Y,0.0034,0.0025,7.0,230517,libA,2,1,1
48,I,A,0.0033,-0.0454,35.0,230517,libA,2,1,1
48,I,D,0.0032,-0.1171,19.0,230517,libA,2,1,1
48,I,E,0.0032,-0.1018,28.0,230517,libA,2,1,1
48,I,F,0.0033,-0.08,16.0,230517,libA,2,1,1
48,I,G,0.0029,-0.2482,35.0,230517,libA,2,1,1
48,I,H,0.0042,0.2774,26.0,230517,libA,2,1,1
48,I,I,0.0034,0.0,,230517,libA,2,1,1
48,I,K,0.0036,0.045,43.0,230517,libA,2,1,1
48,I,L,0.0034,-0.0063,27.0,230517,libA,2,1,1
48,I,M,0.0034,-0.0304,9.0,230517,libA,2,1,1
48,I,N,0.0035,0.0052,49.0,230517,libA,2,1,1
48,I,P,0.0037,0.0981,24.0,230517,libA,2,1,1
48,I,Q,0.0037,0.0868,25.0,230517,libA,2,1,1
48,I,R,0.0041,0.2452,34.0,230517,libA,2,1,1
48,I,S,0.0034,-0.0279,31.0,230517,libA,2,1,1
48,I,T,0.0033,-0.0742,31.0,230517,libA,2,1,1
48,I,V,0.0033,-0.0641,29.0,230517,libA,2,1,1
48,I,W,0.0033,-0.0494,17.0,230517,libA,2,1,1
48,I,Y,0.0036,0.0771,25.0,230517,libA,2,1,1
480,S,*,0.0034,-0.0019,1.0,230517,libA,2,1,1
480,S,A,0.0037,0.0914,1.0,230517,libA,2,1,1
480,S,E,0.0033,-0.0536,16.0,230517,libA,2,1,1
480,S,L,0.0035,0.0033,4.0,230517,libA,2,1,1
480,S,M,0.0034,-0.0092,3.0,230517,libA,2,1,1
480,S,Q,0.0032,-0.1106,15.0,230517,libA,2,1,1
480,S,R,0.0037,0.0929,7.0,230517,libA,2,1,1
480,S,S,0.0034,0.0,,230517,libA,2,1,1
480,S,T,0.0032,-0.0962,14.0,230517,libA,2,1,1
481,I,I,0.0034,0.0,,230517,libA,2,1,1
481,I,M,0.0034,-0.0048,1.0,230517,libA,2,1,1
481,I,T,0.0034,-0.019,1.0,230517,libA,2,1,1
482,R,C,0.0032,-0.097,3.0,230517,libA,2,1,1
482,R,I,0.0033,-0.0732,24.0,230517,libA,2,1,1
482,R,L,0.0034,-0.0057,41.0,230517,libA,2,1,1
482,R,M,0.0035,0.0137,38.0,230517,libA,2,1,1
482,R,Q,0.0038,0.1527,33.0,230517,libA,2,1,1
482,R,R,0.0034,0.0,,230517,libA,2,1,1
482,R,T,0.0034,-0.0204,20.0,230517,libA,2,1,1
482,R,V,0.0031,-0.1293,17.0,230517,libA,2,1,1
482,R,Y,0.0037,0.1135,21.0,230517,libA,2,1,1
483,N,N,0.0034,0.0,,230517,libA,2,1,1
483,N,Q,0.0038,0.1263,1.0,230517,libA,2,1,1
484,E,D,0.0035,0.0157,7.0,230517,libA,2,1,1
484,E,E,0.0034,0.0,,230517,libA,2,1,1
484,E,F,0.0034,-0.0334,15.0,230517,libA,2,1,1
484,E,G,0.0039,0.1759,79.0,230517,libA,2,1,1
484,E,N,0.0032,-0.0979,9.0,230517,libA,2,1,1
484,E,P,0.0034,-0.0383,3.0,230517,libA,2,1,1
484,E,V,0.0034,-0.0229,1.0,230517,libA,2,1,1
485,T,N,0.0033,-0.0806,2.0,230517,libA,2,1,1
485,T,T,0.0034,0.0,,230517,libA,2,1,1
485,T,V,0.0034,-0.0326,1.0,230517,libA,2,1,1
486,Y,F,0.0033,-0.0744,3.0,230517,libA,2,1,1
486,Y,H,0.0033,-0.0625,1.0,230517,libA,2,1,1
486,Y,Y,0.0034,0.0,,230517,libA,2,1,1
487,D,A,0.0034,-0.0002,3.0,230517,libA,2,1,1
487,D,D,0.0034,0.0,,230517,libA,2,1,1
487,D,E,0.0037,0.121,1.0,230517,libA,2,1,1
487,D,I,0.0031,-0.1359,5.0,230517,libA,2,1,1
487,D,K,0.0039,0.1829,2.0,230517,libA,2,1,1
487,D,L,0.0033,-0.0618,2.0,230517,libA,2,1,1
487,D,M,0.0038,0.1596,2.0,230517,libA,2,1,1
487,D,N,0.0032,-0.1205,8.0,230517,libA,2,1,1
487,D,Q,0.0035,0.0437,4.0,230517,libA,2,1,1
487,D,R,0.0033,-0.0525,4.0,230517,libA,2,1,1
487,D,T,0.0034,-0.0076,1.0,230517,libA,2,1,1
487,D,V,0.0033,-0.0605,2.0,230517,libA,2,1,1
487,D,Y,0.0033,-0.0521,3.0,230517,libA,2,1,1
488,H,A,0.0033,-0.0616,7.0,230517,libA,2,1,1
488,H,E,0.0034,-0.0099,1.0,230517,libA,2,1,1
488,H,H,0.0034,0.0,,230517,libA,2,1,1
488,H,I,0.0034,-0.0199,2.0,230517,libA,2,1,1
488,H,N,0.0032,-0.0875,4.0,230517,libA,2,1,1
488,H,P,0.0033,-0.0805,10.0,230517,libA,2,1,1
488,H,Q,0.0034,-0.0108,3.0,230517,libA,2,1,1
488,H,S,0.0033,-0.062,7.0,230517,libA,2,1,1
488,H,T,0.0043,0.3329,2.0,230517,libA,2,1,1
488,H,V,0.0034,-0.0112,1.0,230517,libA,2,1,1
489,N,A,0.0035,0.0119,7.0,230517,libA,2,1,1
489,N,D,0.0036,0.0548,21.0,230517,libA,2,1,1
489,N,E,0.0032,-0.0886,23.0,230517,libA,2,1,1
489,N,F,0.0033,-0.0408,12.0,230517,libA,2,1,1
489,N,G,0.0033,-0.0488,5.0,230517,libA,2,1,1
489,N,H,0.0034,-0.0175,13.0,230517,libA,2,1,1
489,N,I,0.003,-0.188,10.0,230517,libA,2,1,1
489,N,K,0.0045,0.3989,18.0,230517,libA,2,1,1
489,N,L,0.0033,-0.0456,11.0,230517,libA,2,1,1
489,N,M,0.0034,-0.0273,17.0,230517,libA,2,1,1
489,N,N,0.0034,0.0,,230517,libA,2,1,1
489,N,Q,0.0036,0.0668,20.0,230517,libA,2,1,1
489,N,R,0.0036,0.0844,21.0,230517,libA,2,1,1
489,N,S,0.0036,0.0699,10.0,230517,libA,2,1,1
489,N,T,0.005,0.5456,14.0,230517,libA,2,1,1
489,N,V,0.0034,-0.0159,11.0,230517,libA,2,1,1
489,N,W,0.0033,-0.0551,4.0,230517,libA,2,1,1
489,N,Y,0.003,-0.1948,15.0,230517,libA,2,1,1
49,G,A,0.0035,0.0431,13.0,230517,libA,2,1,1
49,G,C,0.0032,-0.0999,3.0,230517,libA,2,1,1
49,G,G,0.0034,0.0,,230517,libA,2,1,1
49,G,P,0.0028,-0.2824,12.0,230517,libA,2,1,1
49,G,R,0.0031,-0.1292,13.0,230517,libA,2,1,1
49,G,Y,0.0032,-0.0864,17.0,230517,libA,2,1,1
490,V,A,0.0034,-0.0205,17.0,230517,libA,2,1,1
490,V,D,0.0039,0.1919,8.0,230517,libA,2,1,1
490,V,F,0.0036,0.0548,10.0,230517,libA,2,1,1
490,V,G,0.0034,-0.0023,4.0,230517,libA,2,1,1
490,V,H,0.0035,0.0379,7.0,230517,libA,2,1,1
490,V,I,0.0039,0.182,18.0,230517,libA,2,1,1
490,V,K,0.0033,-0.0597,7.0,230517,libA,2,1,1
490,V,L,0.0031,-0.1539,18.0,230517,libA,2,1,1
490,V,M,0.0034,-0.035,13.0,230517,libA,2,1,1
490,V,N,0.0034,-0.0204,5.0,230517,libA,2,1,1
490,V,Q,0.0034,-0.0323,17.0,230517,libA,2,1,1
490,V,R,0.0036,0.0458,11.0,230517,libA,2,1,1
490,V,S,0.0034,0.0014,9.0,230517,libA,2,1,1
490,V,T,0.0033,-0.0418,8.0,230517,libA,2,1,1
490,V,V,0.0034,0.0,,230517,libA,2,1,1
490,V,W,0.0033,-0.0451,9.0,230517,libA,2,1,1
490,V,Y,0.0037,0.1016,12.0,230517,libA,2,1,1
491,Y,*,0.0034,-0.0273,1.0,230517,libA,2,1,1
491,Y,F,0.0034,-0.0065,4.0,230517,libA,2,1,1
491,Y,H,0.0034,-0.0051,2.0,230517,libA,2,1,1
491,Y,W,0.0031,-0.1443,10.0,230517,libA,2,1,1
491,Y,Y,0.0034,0.0,,230517,libA,2,1,1
492,R,D,0.0034,-0.0287,3.0,230517,libA,2,1,1
492,R,M,0.0028,-0.3079,10.0,230517,libA,2,1,1
492,R,N,0.0036,0.0588,2.0,230517,libA,2,1,1
492,R,R,0.0034,0.0,,230517,libA,2,1,1
492,R,S,0.0032,-0.1012,4.0,230517,libA,2,1,1
493,D,A,0.0034,-0.0219,16.0,230517,libA,2,1,1
493,D,D,0.0034,0.0,,230517,libA,2,1,1
493,D,E,0.0033,-0.0466,9.0,230517,libA,2,1,1
493,D,F,0.003,-0.1844,10.0,230517,libA,2,1,1
493,D,G,0.0032,-0.0918,15.0,230517,libA,2,1,1
493,D,H,0.0035,0.009,18.0,230517,libA,2,1,1
493,D,I,0.0038,0.1268,27.0,230517,libA,2,1,1
493,D,K,0.0038,0.1301,10.0,230517,libA,2,1,1
493,D,L,0.0031,-0.1631,21.0,230517,libA,2,1,1
493,D,M,0.0034,-0.0331,17.0,230517,libA,2,1,1
493,D,N,0.0035,0.005,39.0,230517,libA,2,1,1
493,D,P,0.0033,-0.0596,7.0,230517,libA,2,1,1
493,D,Q,0.0032,-0.1048,20.0,230517,libA,2,1,1
493,D,R,0.0031,-0.1338,17.0,230517,libA,2,1,1
493,D,S,0.0034,0.0005,12.0,230517,libA,2,1,1
493,D,T,0.0033,-0.0582,11.0,230517,libA,2,1,1
493,D,V,0.003,-0.1836,9.0,230517,libA,2,1,1
493,D,Y,0.0034,-0.0071,30.0,230517,libA,2,1,1
494,E,D,0.0032,-0.0856,3.0,230517,libA,2,1,1
494,E,E,0.0034,0.0,,230517,libA,2,1,1
494,E,I,0.0033,-0.0415,10.0,230517,libA,2,1,1
495,A,A,0.0034,0.0,,230517,libA,2,1,1
495,A,E,0.0034,-0.0122,1.0,230517,libA,2,1,1
495,A,S,0.0034,-0.0086,1.0,230517,libA,2,1,1
495,A,V,0.0034,-0.0339,1.0,230517,libA,2,1,1
496,L,F,0.0033,-0.0817,32.0,230517,libA,2,1,1
496,L,I,0.0033,-0.0457,28.0,230517,libA,2,1,1
496,L,L,0.0034,0.0,,230517,libA,2,1,1
496,L,M,0.0033,-0.0689,27.0,230517,libA,2,1,1
496,L,R,0.0033,-0.0741,15.0,230517,libA,2,1,1
496,L,V,0.0032,-0.0918,21.0,230517,libA,2,1,1
497,N,A,0.0037,0.0906,12.0,230517,libA,2,1,1
497,N,C,0.0036,0.0611,11.0,230517,libA,2,1,1
497,N,D,0.0032,-0.1176,16.0,230517,libA,2,1,1
497,N,E,0.0033,-0.0777,28.0,230517,libA,2,1,1
497,N,F,0.0031,-0.1586,26.0,230517,libA,2,1,1
497,N,G,0.0031,-0.1398,11.0,230517,libA,2,1,1
497,N,H,0.0031,-0.137,35.0,230517,libA,2,1,1
497,N,I,0.0033,-0.0646,27.0,230517,libA,2,1,1
497,N,K,0.0032,-0.1087,24.0,230517,libA,2,1,1
497,N,L,0.0032,-0.0955,14.0,230517,libA,2,1,1
497,N,M,0.0038,0.1255,22.0,230517,libA,2,1,1
497,N,N,0.0034,0.0,,230517,libA,2,1,1
497,N,Q,0.0032,-0.0924,21.0,230517,libA,2,1,1
497,N,R,0.0036,0.0743,24.0,230517,libA,2,1,1
497,N,S,0.003,-0.1961,17.0,230517,libA,2,1,1
497,N,T,0.0036,0.079,20.0,230517,libA,2,1,1
497,N,V,0.0032,-0.1103,10.0,230517,libA,2,1,1
497,N,W,0.0031,-0.1515,15.0,230517,libA,2,1,1
497,N,Y,0.0037,0.1169,17.0,230517,libA,2,1,1
498,N,H,0.0036,0.0446,9.0,230517,libA,2,1,1
498,N,I,0.0034,-0.0196,1.0,230517,libA,2,1,1
498,N,K,0.0037,0.1125,17.0,230517,libA,2,1,1
498,N,N,0.0034,0.0,,230517,libA,2,1,1
498,N,R,0.0031,-0.1673,14.0,230517,libA,2,1,1
498,N,T,0.0036,0.0807,19.0,230517,libA,2,1,1
498,N,V,0.0033,-0.0633,9.0,230517,libA,2,1,1
498,N,Y,0.0034,-0.0342,11.0,230517,libA,2,1,1
499,R,L,0.0031,-0.1281,3.0,230517,libA,2,1,1
499,R,Q,0.0034,-0.0057,2.0,230517,libA,2,1,1
499,R,R,0.0034,0.0,,230517,libA,2,1,1
499,R,W,0.0033,-0.0446,3.0,230517,libA,2,1,1
5,G,*,0.0035,0.0187,5.0,230517,libA,2,1,1
5,G,A,0.0034,-0.0301,20.0,230517,libA,2,1,1
5,G,D,0.0034,0.0013,45.0,230517,libA,2,1,1
5,G,E,0.0034,0.0011,38.0,230517,libA,2,1,1
5,G,F,0.0034,-0.0364,24.0,230517,libA,2,1,1
5,G,G,0.0034,0.0,,230517,libA,2,1,1
5,G,H,0.0036,0.056,25.0,230517,libA,2,1,1
5,G,I,0.0034,-0.0303,40.0,230517,libA,2,1,1
5,G,L,0.0031,-0.1736,26.0,230517,libA,2,1,1
5,G,M,0.0033,-0.0676,39.0,230517,libA,2,1,1
5,G,N,0.0035,0.0399,28.0,230517,libA,2,1,1
5,G,P,0.0037,0.1055,18.0,230517,libA,2,1,1
5,G,Q,0.0035,0.0134,30.0,230517,libA,2,1,1
5,G,R,0.0034,-0.0221,48.0,230517,libA,2,1,1
5,G,S,0.0029,-0.259,24.0,230517,libA,2,1,1
5,G,T,0.0032,-0.115,28.0,230517,libA,2,1,1
5,G,V,0.0038,0.1376,23.0,230517,libA,2,1,1
5,G,W,0.0034,-0.0359,26.0,230517,libA,2,1,1
5,G,Y,0.0035,0.0076,17.0,230517,libA,2,1,1
50,E,*,0.0032,-0.1168,6.0,230517,libA,2,1,1
50,E,A,0.0035,0.0114,18.0,230517,libA,2,1,1
50,E,C,0.003,-0.1843,22.0,230517,libA,2,1,1
50,E,E,0.0034,0.0,,230517,libA,2,1,1
50,E,F,0.0034,-0.032,35.0,230517,libA,2,1,1
50,E,G,0.0029,-0.2441,11.0,230517,libA,2,1,1
50,E,H,0.0034,-0.0083,29.0,230517,libA,2,1,1
50,E,I,0.0041,0.2384,21.0,230517,libA,2,1,1
50,E,K,0.0033,-0.0569,45.0,230517,libA,2,1,1
50,E,L,0.0039,0.1903,30.0,230517,libA,2,1,1
50,E,M,0.003,-0.2062,32.0,230517,libA,2,1,1
50,E,N,0.0038,0.1308,21.0,230517,libA,2,1,1
50,E,P,0.0032,-0.1142,19.0,230517,libA,2,1,1
50,E,Q,0.0037,0.11,45.0,230517,libA,2,1,1
50,E,R,0.0034,0.002,33.0,230517,libA,2,1,1
50,E,S,0.0031,-0.1523,41.0,230517,libA,2,1,1
50,E,T,0.0037,0.0919,44.0,230517,libA,2,1,1
50,E,V,0.0033,-0.0546,44.0,230517,libA,2,1,1
50,E,W,0.003,-0.2114,16.0,230517,libA,2,1,1
50,E,Y,0.0034,-0.0392,30.0,230517,libA,2,1,1
500,F,A,0.0032,-0.1145,4.0,230517,libA,2,1,1
500,F,F,0.0034,0.0,,230517,libA,2,1,1
500,F,L,0.0033,-0.0765,27.0,230517,libA,2,1,1
500,F,M,0.0033,-0.0737,9.0,230517,libA,2,1,1
500,F,W,0.0031,-0.1663,16.0,230517,libA,2,1,1
500,F,Y,0.003,-0.1958,23.0,230517,libA,2,1,1
501,Q,*,0.0035,0.0107,2.0,230517,libA,2,1,1
501,Q,A,0.0034,-0.01,11.0,230517,libA,2,1,1
501,Q,D,0.0038,0.1463,12.0,230517,libA,2,1,1
501,Q,E,0.0036,0.0507,8.0,230517,libA,2,1,1
501,Q,F,0.0033,-0.0395,26.0,230517,libA,2,1,1
501,Q,G,0.0034,-0.023,11.0,230517,libA,2,1,1
501,Q,H,0.0032,-0.0905,22.0,230517,libA,2,1,1
501,Q,K,0.0034,-0.015,25.0,230517,libA,2,1,1
501,Q,L,0.0034,-0.0026,13.0,230517,libA,2,1,1
501,Q,M,0.0034,-0.0075,20.0,230517,libA,2,1,1
501,Q,N,0.0043,0.3049,16.0,230517,libA,2,1,1
501,Q,P,0.0035,0.007,15.0,230517,libA,2,1,1
501,Q,Q,0.0034,0.0,,230517,libA,2,1,1
501,Q,R,0.0028,-0.2868,27.0,230517,libA,2,1,1
501,Q,S,0.0038,0.1369,8.0,230517,libA,2,1,1
501,Q,T,0.0028,-0.3208,34.0,230517,libA,2,1,1
501,Q,V,0.0032,-0.1195,13.0,230517,libA,2,1,1
501,Q,W,0.003,-0.2025,15.0,230517,libA,2,1,1
501,Q,Y,0.0029,-0.229,14.0,230517,libA,2,1,1
502,I,I,0.0034,0.0,,230517,libA,2,1,1
502,I,L,0.0035,0.0193,20.0,230517,libA,2,1,1
502,I,V,0.0038,0.1605,16.0,230517,libA,2,1,1
503,K,A,0.003,-0.2145,22.0,230517,libA,2,1,1
503,K,C,0.0033,-0.0696,5.0,230517,libA,2,1,1
503,K,D,0.004,0.2096,14.0,230517,libA,2,1,1
503,K,E,0.0037,0.0893,17.0,230517,libA,2,1,1
503,K,F,0.0032,-0.1086,17.0,230517,libA,2,1,1
503,K,G,0.004,0.2192,18.0,230517,libA,2,1,1
503,K,H,0.0033,-0.0766,18.0,230517,libA,2,1,1
503,K,I,0.0035,0.0185,13.0,230517,libA,2,1,1
503,K,K,0.0034,0.0,,230517,libA,2,1,1
503,K,L,0.0031,-0.145,14.0,230517,libA,2,1,1
503,K,M,0.0031,-0.1718,31.0,230517,libA,2,1,1
503,K,N,0.0031,-0.166,36.0,230517,libA,2,1,1
503,K,P,0.0033,-0.0548,13.0,230517,libA,2,1,1
503,K,Q,0.0032,-0.124,35.0,230517,libA,2,1,1
503,K,R,0.004,0.2344,22.0,230517,libA,2,1,1
503,K,S,0.0036,0.0608,23.0,230517,libA,2,1,1
503,K,T,0.0031,-0.1426,17.0,230517,libA,2,1,1
503,K,V,0.0034,-0.0139,19.0,230517,libA,2,1,1
503,K,W,0.0048,0.4691,17.0,230517,libA,2,1,1
503,K,Y,0.003,-0.2081,27.0,230517,libA,2,1,1
504,G,*,0.0034,-0.0242,4.0,230517,libA,2,1,1
504,G,A,0.0034,-0.0197,13.0,230517,libA,2,1,1
504,G,C,0.0034,-0.0228,2.0,230517,libA,2,1,1
504,G,E,0.0035,0.0359,27.0,230517,libA,2,1,1
504,G,F,0.0036,0.0775,7.0,230517,libA,2,1,1
504,G,G,0.0034,0.0,,230517,libA,2,1,1
504,G,H,0.0032,-0.0939,13.0,230517,libA,2,1,1
504,G,I,0.0034,-0.0026,10.0,230517,libA,2,1,1
504,G,K,0.0029,-0.2464,15.0,230517,libA,2,1,1
504,G,L,0.0035,0.0139,10.0,230517,libA,2,1,1
504,G,M,0.0036,0.0484,22.0,230517,libA,2,1,1
504,G,N,0.004,0.2215,13.0,230517,libA,2,1,1
504,G,P,0.0035,0.0321,6.0,230517,libA,2,1,1
504,G,Q,0.0035,0.0381,9.0,230517,libA,2,1,1
504,G,R,0.0032,-0.1076,22.0,230517,libA,2,1,1
504,G,S,0.0034,-0.0185,30.0,230517,libA,2,1,1
504,G,T,0.0031,-0.1706,16.0,230517,libA,2,1,1
504,G,V,0.0033,-0.0727,19.0,230517,libA,2,1,1
504,G,W,0.0039,0.1782,17.0,230517,libA,2,1,1
504,G,Y,0.0035,0.0304,10.0,230517,libA,2,1,1
505,V,F,0.0035,0.0433,2.0,230517,libA,2,1,1
505,V,I,0.0032,-0.0883,4.0,230517,libA,2,1,1
505,V,V,0.0034,0.0,,230517,libA,2,1,1
506,E,*,0.0033,-0.0583,6.0,230517,libA,2,1,1
506,E,A,0.0034,-0.026,1.0,230517,libA,2,1,1
506,E,D,0.0035,0.0046,2.0,230517,libA,2,1,1
506,E,E,0.0034,0.0,,230517,libA,2,1,1
506,E,G,0.0034,-0.013,1.0,230517,libA,2,1,1
507,L,L,0.0034,0.0,,230517,libA,2,1,1
507,L,M,0.0041,0.2482,5.0,230517,libA,2,1,1
509,S,*,0.0034,-0.0291,2.0,230517,libA,2,1,1
509,S,S,0.0034,0.0,,230517,libA,2,1,1
51,I,I,0.0034,0.0,,230517,libA,2,1,1
51,I,L,0.0031,-0.1464,20.0,230517,libA,2,1,1
51,I,M,0.0034,-0.0078,1.0,230517,libA,2,1,1
510,G,*,0.0036,0.0681,3.0,230517,libA,2,1,1
510,G,A,0.0035,0.0075,1.0,230517,libA,2,1,1
510,G,E,0.0034,-0.0051,2.0,230517,libA,2,1,1
510,G,G,0.0034,0.0,,230517,libA,2,1,1
510,G,V,0.0035,0.0164,2.0,230517,libA,2,1,1
512,K,E,0.0034,0.0006,1.0,230517,libA,2,1,1
512,K,I,0.0034,0.0021,1.0,230517,libA,2,1,1
512,K,K,0.0034,0.0,,230517,libA,2,1,1
512,K,R,0.0034,-0.02,1.0,230517,libA,2,1,1
513,D,D,0.0034,0.0,,230517,libA,2,1,1
513,D,N,0.0033,-0.0445,2.0,230517,libA,2,1,1
513,D,Y,0.0032,-0.1148,3.0,230517,libA,2,1,1
514,W,*,0.0034,-0.0262,1.0,230517,libA,2,1,1
514,W,C,0.0035,0.0397,2.0,230517,libA,2,1,1
514,W,L,0.0035,0.0254,7.0,230517,libA,2,1,1
514,W,W,0.0034,0.0,,230517,libA,2,1,1
516,L,I,0.0029,-0.2259,21.0,230517,libA,2,1,1
516,L,L,0.0034,0.0,,230517,libA,2,1,1
516,L,P,0.0034,-0.0102,7.0,230517,libA,2,1,1
516,L,Q,0.0034,-0.0228,1.0,230517,libA,2,1,1
517,W,*,0.0034,-0.002,1.0,230517,libA,2,1,1
517,W,C,0.0039,0.1886,2.0,230517,libA,2,1,1
517,W,L,0.0031,-0.1359,13.0,230517,libA,2,1,1
517,W,W,0.0034,0.0,,230517,libA,2,1,1
518,I,I,0.0034,0.0,,230517,libA,2,1,1
518,I,V,0.0034,-0.0041,1.0,230517,libA,2,1,1
519,S,F,0.0034,-0.0274,1.0,230517,libA,2,1,1
519,S,P,0.0034,-0.035,1.0,230517,libA,2,1,1
519,S,S,0.0034,0.0,,230517,libA,2,1,1
519,S,Y,0.0033,-0.0431,1.0,230517,libA,2,1,1
52,C,*,0.0034,-0.0053,2.0,230517,libA,2,1,1
52,C,C,0.0034,0.0,,230517,libA,2,1,1
520,F,F,0.0034,0.0,,230517,libA,2,1,1
520,F,I,0.0034,-0.0313,1.0,230517,libA,2,1,1
520,F,L,0.0033,-0.0395,3.0,230517,libA,2,1,1
520,F,S,0.0035,0.0204,1.0,230517,libA,2,1,1
520,F,V,0.0034,-0.0139,2.0,230517,libA,2,1,1
521,A,A,0.0034,0.0,,230517,libA,2,1,1
521,A,D,0.0033,-0.08,4.0,230517,libA,2,1,1
521,A,G,0.0034,-0.0381,1.0,230517,libA,2,1,1
521,A,S,0.0034,-0.0293,2.0,230517,libA,2,1,1
521,A,T,0.0032,-0.1039,9.0,230517,libA,2,1,1
521,A,V,0.0031,-0.13,4.0,230517,libA,2,1,1
522,I,I,0.0034,0.0,,230517,libA,2,1,1
522,I,T,0.0035,0.0271,1.0,230517,libA,2,1,1
523,S,P,0.0034,-0.016,1.0,230517,libA,2,1,1
523,S,S,0.0034,0.0,,230517,libA,2,1,1
523,S,Y,0.0034,-0.0392,4.0,230517,libA,2,1,1
524,C,*,0.0034,-0.0358,1.0,230517,libA,2,1,1
524,C,C,0.0034,0.0,,230517,libA,2,1,1
524,C,F,0.0035,0.0043,2.0,230517,libA,2,1,1
524,C,L,0.0034,0.0008,1.0,230517,libA,2,1,1
524,C,Y,0.0033,-0.0646,4.0,230517,libA,2,1,1
525,F,F,0.0034,0.0,,230517,libA,2,1,1
525,F,L,0.0037,0.1176,8.0,230517,libA,2,1,1
525,F,S,0.0034,-0.0238,2.0,230517,libA,2,1,1
526,L,I,0.0032,-0.1216,13.0,230517,libA,2,1,1
526,L,L,0.0034,0.0,,230517,libA,2,1,1
526,L,P,0.0035,0.0168,3.0,230517,libA,2,1,1
526,L,Q,0.0036,0.0536,1.0,230517,libA,2,1,1
527,L,L,0.0034,0.0,,230517,libA,2,1,1
527,L,M,0.0041,0.2658,2.0,230517,libA,2,1,1
527,L,P,0.0035,0.0376,2.0,230517,libA,2,1,1
528,C,*,0.0034,0.0006,1.0,230517,libA,2,1,1
528,C,C,0.0034,0.0,,230517,libA,2,1,1
528,C,F,0.0033,-0.0653,2.0,230517,libA,2,1,1
528,C,Y,0.0035,0.0067,1.0,230517,libA,2,1,1
529,V,I,0.0037,0.0892,11.0,230517,libA,2,1,1
529,V,L,0.0034,-0.0221,2.0,230517,libA,2,1,1
529,V,V,0.0034,0.0,,230517,libA,2,1,1
53,D,A,0.0031,-0.1542,13.0,230517,libA,2,1,1
53,D,D,0.0034,0.0,,230517,libA,2,1,1
53,D,E,0.0033,-0.047,39.0,230517,libA,2,1,1
53,D,G,0.0044,0.3472,20.0,230517,libA,2,1,1
53,D,N,0.003,-0.222,30.0,230517,libA,2,1,1
53,D,Q,0.0031,-0.1436,13.0,230517,libA,2,1,1
53,D,S,0.0032,-0.094,29.0,230517,libA,2,1,1
53,D,Y,0.0033,-0.0528,3.0,230517,libA,2,1,1
530,A,A,0.0034,0.0,,230517,libA,2,1,1
530,A,E,0.0036,0.0525,3.0,230517,libA,2,1,1
530,A,S,0.0034,-0.0101,2.0,230517,libA,2,1,1
530,A,T,0.0037,0.1077,2.0,230517,libA,2,1,1
530,A,V,0.0033,-0.0469,2.0,230517,libA,2,1,1
531,L,L,0.0034,0.0,,230517,libA,2,1,1
531,L,P,0.0036,0.0524,2.0,230517,libA,2,1,1
532,L,I,0.0033,-0.0589,2.0,230517,libA,2,1,1
532,L,L,0.0034,0.0,,230517,libA,2,1,1
532,L,P,0.0034,-0.0222,1.0,230517,libA,2,1,1
533,G,C,0.0033,-0.0454,4.0,230517,libA,2,1,1
533,G,G,0.0034,0.0,,230517,libA,2,1,1
533,G,V,0.0035,0.0152,2.0,230517,libA,2,1,1
536,M,I,0.0034,-0.0197,3.0,230517,libA,2,1,1
536,M,M,0.0034,0.0,,230517,libA,2,1,1
536,M,V,0.0034,-0.0305,4.0,230517,libA,2,1,1
537,W,C,0.0032,-0.1214,12.0,230517,libA,2,1,1
537,W,L,0.0034,-0.0378,16.0,230517,libA,2,1,1
537,W,W,0.0034,0.0,,230517,libA,2,1,1
538,A,A,0.0034,0.0,,230517,libA,2,1,1
538,A,E,0.0033,-0.0668,18.0,230517,libA,2,1,1
538,A,S,0.0037,0.0878,5.0,230517,libA,2,1,1
538,A,T,0.0036,0.0559,4.0,230517,libA,2,1,1
538,A,V,0.0033,-0.0744,8.0,230517,libA,2,1,1
539,C,C,0.0034,0.0,,230517,libA,2,1,1
539,C,F,0.0032,-0.0895,1.0,230517,libA,2,1,1
539,C,S,0.0034,-0.0166,1.0,230517,libA,2,1,1
539,C,Y,0.0034,-0.0329,3.0,230517,libA,2,1,1
54,S,A,0.0033,-0.0595,11.0,230517,libA,2,1,1
54,S,E,0.0036,0.0792,18.0,230517,libA,2,1,1
54,S,G,0.0031,-0.1697,18.0,230517,libA,2,1,1
54,S,H,0.0031,-0.1511,34.0,230517,libA,2,1,1
54,S,I,0.0034,-0.0178,2.0,230517,libA,2,1,1
54,S,K,0.0036,0.0655,16.0,230517,libA,2,1,1
54,S,M,0.0034,-0.0333,42.0,230517,libA,2,1,1
54,S,N,0.0035,0.0224,28.0,230517,libA,2,1,1
54,S,Q,0.0039,0.1705,34.0,230517,libA,2,1,1
54,S,R,0.0034,-0.0167,42.0,230517,libA,2,1,1
54,S,S,0.0034,0.0,,230517,libA,2,1,1
54,S,T,0.0035,0.0054,17.0,230517,libA,2,1,1
54,S,Y,0.0032,-0.1086,38.0,230517,libA,2,1,1
540,Q,*,0.0035,0.0102,1.0,230517,libA,2,1,1
540,Q,H,0.0034,-0.0363,4.0,230517,libA,2,1,1
540,Q,K,0.0031,-0.1566,13.0,230517,libA,2,1,1
540,Q,Q,0.0034,0.0,,230517,libA,2,1,1
540,Q,R,0.0037,0.1073,7.0,230517,libA,2,1,1
541,K,E,0.0035,0.0332,1.0,230517,libA,2,1,1
541,K,I,0.0034,-0.0161,1.0,230517,libA,2,1,1
541,K,K,0.0034,0.0,,230517,libA,2,1,1
55,P,H,0.0032,-0.105,6.0,230517,libA,2,1,1
55,P,P,0.0034,0.0,,230517,libA,2,1,1
55,P,T,0.0034,-0.0278,1.0,230517,libA,2,1,1
56,H,F,0.0035,0.0076,35.0,230517,libA,2,1,1
56,H,H,0.0034,0.0,,230517,libA,2,1,1
56,H,I,0.0031,-0.1679,18.0,230517,libA,2,1,1
56,H,L,0.0031,-0.1376,30.0,230517,libA,2,1,1
56,H,N,0.0034,-0.0321,8.0,230517,libA,2,1,1
56,H,W,0.0035,0.0387,24.0,230517,libA,2,1,1
56,H,Y,0.0034,-0.0004,38.0,230517,libA,2,1,1
57,Q,*,0.0033,-0.0753,3.0,230517,libA,2,1,1
57,Q,A,0.0031,-0.171,23.0,230517,libA,2,1,1
57,Q,D,0.0035,0.0133,20.0,230517,libA,2,1,1
57,Q,E,0.0029,-0.2306,34.0,230517,libA,2,1,1
57,Q,F,0.003,-0.2216,36.0,230517,libA,2,1,1
57,Q,H,0.0038,0.1449,56.0,230517,libA,2,1,1
57,Q,I,0.0037,0.0928,35.0,230517,libA,2,1,1
57,Q,K,0.0034,-0.0218,53.0,230517,libA,2,1,1
57,Q,L,0.0041,0.2459,41.0,230517,libA,2,1,1
57,Q,M,0.0032,-0.1218,37.0,230517,libA,2,1,1
57,Q,N,0.0032,-0.0918,56.0,230517,libA,2,1,1
57,Q,Q,0.0034,0.0,,230517,libA,2,1,1
57,Q,R,0.003,-0.2019,51.0,230517,libA,2,1,1
57,Q,S,0.0034,-0.0042,25.0,230517,libA,2,1,1
57,Q,T,0.0031,-0.1364,51.0,230517,libA,2,1,1
57,Q,V,0.0041,0.2482,39.0,230517,libA,2,1,1
58,I,I,0.0034,0.0,,230517,libA,2,1,1
58,I,V,0.004,0.2086,19.0,230517,libA,2,1,1
59,L,I,0.0031,-0.1471,56.0,230517,libA,2,1,1
59,L,L,0.0034,0.0,,230517,libA,2,1,1
59,L,V,0.0034,-0.0028,21.0,230517,libA,2,1,1
6,N,A,0.0039,0.1734,19.0,230517,libA,2,1,1
6,N,D,0.0038,0.16,38.0,230517,libA,2,1,1
6,N,E,0.0042,0.2934,23.0,230517,libA,2,1,1
6,N,F,0.004,0.2285,31.0,230517,libA,2,1,1
6,N,G,0.0031,-0.1436,21.0,230517,libA,2,1,1
6,N,H,0.0033,-0.0536,37.0,230517,libA,2,1,1
6,N,I,0.0035,0.0318,29.0,230517,libA,2,1,1
6,N,K,0.0029,-0.2607,32.0,230517,libA,2,1,1
6,N,L,0.0038,0.1333,14.0,230517,libA,2,1,1
6,N,M,0.0034,-0.0345,25.0,230517,libA,2,1,1
6,N,N,0.0034,0.0,,230517,libA,2,1,1
6,N,P,0.0036,0.0692,34.0,230517,libA,2,1,1
6,N,Q,0.0035,0.0042,26.0,230517,libA,2,1,1
6,N,R,0.0035,0.033,26.0,230517,libA,2,1,1
6,N,S,0.0035,0.0094,12.0,230517,libA,2,1,1
6,N,T,0.0032,-0.0971,35.0,230517,libA,2,1,1
6,N,V,0.0035,0.0364,16.0,230517,libA,2,1,1
6,N,W,0.0032,-0.1008,9.0,230517,libA,2,1,1
6,N,Y,0.0039,0.1739,54.0,230517,libA,2,1,1
61,G,*,0.0027,-0.3671,18.0,230517,libA,2,1,1
61,G,G,0.0034,0.0,,230517,libA,2,1,1
61,G,V,0.0031,-0.1723,5.0,230517,libA,2,1,1
62,G,*,0.0034,-0.0083,2.0,230517,libA,2,1,1
62,G,A,0.0033,-0.0493,21.0,230517,libA,2,1,1
62,G,C,0.0032,-0.1192,3.0,230517,libA,2,1,1
62,G,D,0.0034,-0.0121,15.0,230517,libA,2,1,1
62,G,E,0.0035,0.0055,89.0,230517,libA,2,1,1
62,G,F,0.0034,-0.0251,1.0,230517,libA,2,1,1
62,G,G,0.0034,0.0,,230517,libA,2,1,1
62,G,H,0.0031,-0.156,10.0,230517,libA,2,1,1
62,G,I,0.0033,-0.0442,14.0,230517,libA,2,1,1
62,G,K,0.0029,-0.2424,14.0,230517,libA,2,1,1
62,G,L,0.0029,-0.2456,35.0,230517,libA,2,1,1
62,G,M,0.0031,-0.1321,24.0,230517,libA,2,1,1
62,G,N,0.0035,0.044,14.0,230517,libA,2,1,1
62,G,Q,0.0038,0.1536,14.0,230517,libA,2,1,1
62,G,R,0.0029,-0.2618,23.0,230517,libA,2,1,1
62,G,S,0.0035,0.0296,3.0,230517,libA,2,1,1
62,G,T,0.0032,-0.0912,4.0,230517,libA,2,1,1
62,G,V,0.0033,-0.0668,28.0,230517,libA,2,1,1
62,G,W,0.0042,0.2757,20.0,230517,libA,2,1,1
62,G,Y,0.004,0.2317,4.0,230517,libA,2,1,1
63,N,D,0.0031,-0.1333,26.0,230517,libA,2,1,1
63,N,N,0.0034,0.0,,230517,libA,2,1,1
63,N,S,0.0034,-0.0088,1.0,230517,libA,2,1,1
64,C,C,0.0034,0.0,,230517,libA,2,1,1
64,C,D,0.0034,-0.0089,1.0,230517,libA,2,1,1
64,C,Y,0.0034,-0.0096,1.0,230517,libA,2,1,1
65,T,K,0.0034,-0.0011,1.0,230517,libA,2,1,1
65,T,T,0.0034,0.0,,230517,libA,2,1,1
66,L,I,0.0034,-0.0136,1.0,230517,libA,2,1,1
66,L,L,0.0034,0.0,,230517,libA,2,1,1
67,I,I,0.0034,0.0,,230517,libA,2,1,1
67,I,K,0.0033,-0.0795,3.0,230517,libA,2,1,1
67,I,M,0.0031,-0.1387,44.0,230517,libA,2,1,1
69,A,A,0.0034,0.0,,230517,libA,2,1,1
69,A,D,0.0034,-0.022,1.0,230517,libA,2,1,1
69,A,I,0.0027,-0.3254,68.0,230517,libA,2,1,1
69,A,S,0.0034,-0.0171,3.0,230517,libA,2,1,1
69,A,T,0.0034,-0.0122,1.0,230517,libA,2,1,1
69,A,V,0.0034,-0.0204,1.0,230517,libA,2,1,1
7,D,C,0.0035,0.0155,13.0,230517,libA,2,1,1
7,D,D,0.0034,0.0,,230517,libA,2,1,1
7,D,E,0.004,0.2204,25.0,230517,libA,2,1,1
7,D,F,0.0033,-0.0474,15.0,230517,libA,2,1,1
7,D,G,0.0035,0.0262,23.0,230517,libA,2,1,1
7,D,H,0.0035,0.014,7.0,230517,libA,2,1,1
7,D,I,0.0035,0.0189,12.0,230517,libA,2,1,1
7,D,K,0.0034,-0.0321,7.0,230517,libA,2,1,1
7,D,L,0.0033,-0.0656,4.0,230517,libA,2,1,1
7,D,M,0.0035,0.0247,14.0,230517,libA,2,1,1
7,D,N,0.0032,-0.1179,8.0,230517,libA,2,1,1
7,D,P,0.0038,0.1343,9.0,230517,libA,2,1,1
7,D,Q,0.0033,-0.0811,12.0,230517,libA,2,1,1
7,D,S,0.0032,-0.1221,15.0,230517,libA,2,1,1
7,D,T,0.0034,-0.0113,28.0,230517,libA,2,1,1
7,D,V,0.0028,-0.2757,13.0,230517,libA,2,1,1
7,D,Y,0.0034,-0.0263,17.0,230517,libA,2,1,1
70,L,I,0.0034,-0.0214,64.0,230517,libA,2,1,1
70,L,L,0.0034,0.0,,230517,libA,2,1,1
71,L,F,0.0033,-0.0442,5.0,230517,libA,2,1,1
71,L,L,0.0034,0.0,,230517,libA,2,1,1
72,G,E,0.0034,-0.0279,1.0,230517,libA,2,1,1
72,G,G,0.0034,0.0,,230517,libA,2,1,1
72,G,W,0.0033,-0.0633,2.0,230517,libA,2,1,1
73,D,A,0.003,-0.181,33.0,230517,libA,2,1,1
73,D,D,0.0034,0.0,,230517,libA,2,1,1
73,D,E,0.0034,-0.0186,1.0,230517,libA,2,1,1
73,D,G,0.0033,-0.0502,5.0,230517,libA,2,1,1
73,D,V,0.0034,-0.0206,1.0,230517,libA,2,1,1
74,P,H,0.0033,-0.0579,3.0,230517,libA,2,1,1
74,P,P,0.0034,0.0,,230517,libA,2,1,1
74,P,T,0.0034,-0.0315,2.0,230517,libA,2,1,1
75,Q,*,0.0035,0.0047,1.0,230517,libA,2,1,1
75,Q,A,0.0034,-0.0182,69.0,230517,libA,2,1,1
75,Q,E,0.0035,0.0257,41.0,230517,libA,2,1,1
75,Q,G,0.0032,-0.1269,66.0,230517,libA,2,1,1
75,Q,H,0.0038,0.1414,112.0,230517,libA,2,1,1
75,Q,K,0.0035,0.0163,13.0,230517,libA,2,1,1
75,Q,L,0.0037,0.0853,95.0,230517,libA,2,1,1
75,Q,M,0.0035,0.0214,172.0,230517,libA,2,1,1
75,Q,N,0.0031,-0.171,83.0,230517,libA,2,1,1
75,Q,Q,0.0034,0.0,,230517,libA,2,1,1
75,Q,R,0.0033,-0.063,3.0,230517,libA,2,1,1
75,Q,S,0.0032,-0.1009,74.0,230517,libA,2,1,1
77,D,D,0.0034,0.0,,230517,libA,2,1,1
77,D,E,0.0032,-0.1075,47.0,230517,libA,2,1,1
77,D,G,0.0033,-0.0421,3.0,230517,libA,2,1,1
77,D,N,0.0035,0.0204,1.0,230517,libA,2,1,1
77,D,Y,0.0036,0.0581,2.0,230517,libA,2,1,1
78,G,C,0.003,-0.1833,9.0,230517,libA,2,1,1
78,G,D,0.0037,0.0995,89.0,230517,libA,2,1,1
78,G,E,0.0035,0.0421,70.0,230517,libA,2,1,1
78,G,G,0.0034,0.0,,230517,libA,2,1,1
78,G,S,0.0033,-0.0771,31.0,230517,libA,2,1,1
78,G,V,0.0032,-0.1202,28.0,230517,libA,2,1,1
79,F,F,0.0034,0.0,,230517,libA,2,1,1
79,F,I,0.0034,-0.0031,28.0,230517,libA,2,1,1
79,F,L,0.0038,0.1345,75.0,230517,libA,2,1,1
79,F,S,0.0034,-0.0072,1.0,230517,libA,2,1,1
79,F,V,0.0033,-0.0472,2.0,230517,libA,2,1,1
8,N,A,0.0034,-0.0056,20.0,230517,libA,2,1,1
8,N,C,0.0031,-0.1595,6.0,230517,libA,2,1,1
8,N,D,0.0036,0.0599,35.0,230517,libA,2,1,1
8,N,E,0.0033,-0.0418,23.0,230517,libA,2,1,1
8,N,F,0.0037,0.1049,32.0,230517,libA,2,1,1
8,N,G,0.0035,0.0238,20.0,230517,libA,2,1,1
8,N,H,0.0035,0.0334,20.0,230517,libA,2,1,1
8,N,I,0.0032,-0.104,50.0,230517,libA,2,1,1
8,N,K,0.0032,-0.0953,36.0,230517,libA,2,1,1
8,N,L,0.0037,0.0988,21.0,230517,libA,2,1,1
8,N,M,0.0038,0.1563,41.0,230517,libA,2,1,1
8,N,N,0.0034,0.0,,230517,libA,2,1,1
8,N,P,0.0038,0.1422,20.0,230517,libA,2,1,1
8,N,Q,0.003,-0.1835,11.0,230517,libA,2,1,1
8,N,R,0.0033,-0.0565,26.0,230517,libA,2,1,1
8,N,S,0.0032,-0.0904,15.0,230517,libA,2,1,1
8,N,T,0.0031,-0.1732,12.0,230517,libA,2,1,1
8,N,V,0.0044,0.3548,13.0,230517,libA,2,1,1
8,N,W,0.0032,-0.0985,13.0,230517,libA,2,1,1
8,N,Y,0.0037,0.0922,38.0,230517,libA,2,1,1
80,Q,A,0.0032,-0.0939,39.0,230517,libA,2,1,1
80,Q,E,0.0038,0.1518,67.0,230517,libA,2,1,1
80,Q,K,0.0028,-0.295,34.0,230517,libA,2,1,1
80,Q,M,0.0033,-0.0695,41.0,230517,libA,2,1,1
80,Q,Q,0.0034,0.0,,230517,libA,2,1,1
80,Q,R,0.0033,-0.059,4.0,230517,libA,2,1,1
81,N,D,0.0034,-0.0344,99.0,230517,libA,2,1,1
81,N,G,0.0039,0.1923,33.0,230517,libA,2,1,1
81,N,N,0.0034,0.0,,230517,libA,2,1,1
82,K,A,0.0032,-0.0905,85.0,230517,libA,2,1,1
82,K,E,0.0038,0.1512,49.0,230517,libA,2,1,1
82,K,K,0.0034,0.0,,230517,libA,2,1,1
82,K,M,0.0035,0.007,1.0,230517,libA,2,1,1
82,K,N,0.0035,0.0371,3.0,230517,libA,2,1,1
82,K,Q,0.0043,0.3283,11.0,230517,libA,2,1,1
82,K,R,0.0032,-0.0838,31.0,230517,libA,2,1,1
82,K,S,0.0041,0.2689,34.0,230517,libA,2,1,1
82,K,T,0.0035,0.029,28.0,230517,libA,2,1,1
82,K,V,0.0043,0.325,63.0,230517,libA,2,1,1
83,K,*,0.0033,-0.0614,14.0,230517,libA,2,1,1
83,K,A,0.0032,-0.1247,26.0,230517,libA,2,1,1
83,K,C,0.0035,0.0173,13.0,230517,libA,2,1,1
83,K,D,0.0033,-0.0594,31.0,230517,libA,2,1,1
83,K,E,0.0029,-0.2228,54.0,230517,libA,2,1,1
83,K,F,0.0033,-0.0555,2.0,230517,libA,2,1,1
83,K,G,0.0033,-0.0547,3.0,230517,libA,2,1,1
83,K,H,0.0034,-0.0371,40.0,230517,libA,2,1,1
83,K,I,0.0033,-0.0721,3.0,230517,libA,2,1,1
83,K,K,0.0034,0.0,,230517,libA,2,1,1
83,K,L,0.003,-0.2002,7.0,230517,libA,2,1,1
83,K,M,0.0032,-0.0909,5.0,230517,libA,2,1,1
83,K,N,0.0028,-0.2776,58.0,230517,libA,2,1,1
83,K,Q,0.0042,0.2969,48.0,230517,libA,2,1,1
83,K,R,0.0034,-0.0177,122.0,230517,libA,2,1,1
83,K,S,0.0034,-0.0152,59.0,230517,libA,2,1,1
83,K,T,0.0035,0.0246,79.0,230517,libA,2,1,1
83,K,V,0.0034,-0.0079,9.0,230517,libA,2,1,1
83,K,W,0.0034,-0.037,1.0,230517,libA,2,1,1
83,K,Y,0.0033,-0.044,8.0,230517,libA,2,1,1
84,W,*,0.0034,-0.028,1.0,230517,libA,2,1,1
84,W,C,0.0033,-0.0545,1.0,230517,libA,2,1,1
84,W,F,0.0032,-0.1193,28.0,230517,libA,2,1,1
84,W,W,0.0034,0.0,,230517,libA,2,1,1
85,D,D,0.0034,0.0,,230517,libA,2,1,1
85,D,N,0.0034,-0.0214,1.0,230517,libA,2,1,1
85,D,Y,0.0034,-0.0153,1.0,230517,libA,2,1,1
86,L,I,0.0031,-0.1702,44.0,230517,libA,2,1,1
86,L,L,0.0034,0.0,,230517,libA,2,1,1
86,L,V,0.0037,0.1123,20.0,230517,libA,2,1,1
87,F,F,0.0034,0.0,,230517,libA,2,1,1
87,F,L,0.0034,-0.025,1.0,230517,libA,2,1,1
87,F,Y,0.0034,-0.0285,33.0,230517,libA,2,1,1
88,V,I,0.0036,0.0826,43.0,230517,libA,2,1,1
88,V,L,0.0034,-0.018,31.0,230517,libA,2,1,1
88,V,V,0.0034,0.0,,230517,libA,2,1,1
89,E,*,0.0033,-0.0643,2.0,230517,libA,2,1,1
89,E,D,0.0033,-0.0424,1.0,230517,libA,2,1,1
89,E,E,0.0034,0.0,,230517,libA,2,1,1
89,E,V,0.0033,-0.0534,1.0,230517,libA,2,1,1
9,S,A,0.0039,0.194,11.0,230517,libA,2,1,1
9,S,D,0.0035,0.0394,16.0,230517,libA,2,1,1
9,S,E,0.0034,-0.0149,11.0,230517,libA,2,1,1
9,S,F,0.0034,-0.0313,15.0,230517,libA,2,1,1
9,S,G,0.0034,-0.0199,14.0,230517,libA,2,1,1
9,S,H,0.004,0.2261,13.0,230517,libA,2,1,1
9,S,I,0.0033,-0.0627,38.0,230517,libA,2,1,1
9,S,K,0.0031,-0.1375,18.0,230517,libA,2,1,1
9,S,L,0.0035,0.0257,12.0,230517,libA,2,1,1
9,S,M,0.0035,0.0359,11.0,230517,libA,2,1,1
9,S,N,0.0031,-0.1551,22.0,230517,libA,2,1,1
9,S,P,0.0036,0.0769,10.0,230517,libA,2,1,1
9,S,Q,0.0035,0.005,16.0,230517,libA,2,1,1
9,S,R,0.0035,0.027,23.0,230517,libA,2,1,1
9,S,S,0.0034,0.0,,230517,libA,2,1,1
9,S,T,0.0034,-0.0196,14.0,230517,libA,2,1,1
9,S,V,0.0036,0.0657,5.0,230517,libA,2,1,1
9,S,W,0.0034,-0.0218,5.0,230517,libA,2,1,1
9,S,Y,0.0036,0.0578,12.0,230517,libA,2,1,1
90,R,*,0.0032,-0.0868,4.0,230517,libA,2,1,1
90,R,R,0.0034,0.0,,230517,libA,2,1,1
91,S,E,0.0029,-0.226,14.0,230517,libA,2,1,1
91,S,N,0.0033,-0.0808,86.0,230517,libA,2,1,1
91,S,P,0.0031,-0.1543,27.0,230517,libA,2,1,1
91,S,R,0.0036,0.0565,3.0,230517,libA,2,1,1
91,S,S,0.0034,0.0,,230517,libA,2,1,1
91,S,T,0.0038,0.1518,24.0,230517,libA,2,1,1
92,R,*,0.0028,-0.2883,28.0,230517,libA,2,1,1
92,R,A,0.0032,-0.1096,39.0,230517,libA,2,1,1
92,R,C,0.0031,-0.136,11.0,230517,libA,2,1,1
92,R,D,0.0029,-0.2519,56.0,230517,libA,2,1,1
92,R,E,0.0033,-0.0815,39.0,230517,libA,2,1,1
92,R,F,0.0038,0.1249,41.0,230517,libA,2,1,1
92,R,G,0.0033,-0.0413,78.0,230517,libA,2,1,1
92,R,H,0.0037,0.0937,47.0,230517,libA,2,1,1
92,R,I,0.0031,-0.1642,71.0,230517,libA,2,1,1
92,R,K,0.0035,0.0127,145.0,230517,libA,2,1,1
92,R,L,0.0031,-0.1432,64.0,230517,libA,2,1,1
92,R,M,0.0035,0.0072,62.0,230517,libA,2,1,1
92,R,N,0.0035,0.0364,69.0,230517,libA,2,1,1
92,R,P,0.0033,-0.0688,8.0,230517,libA,2,1,1
92,R,Q,0.0036,0.07,81.0,230517,libA,2,1,1
92,R,R,0.0034,0.0,,230517,libA,2,1,1
92,R,S,0.0038,0.1604,110.0,230517,libA,2,1,1
92,R,T,0.0042,0.2711,95.0,230517,libA,2,1,1
92,R,V,0.0031,-0.1438,53.0,230517,libA,2,1,1
92,R,W,0.0041,0.2401,53.0,230517,libA,2,1,1
92,R,Y,0.0035,0.0279,69.0,230517,libA,2,1,1
93,A,A,0.0034,0.0,,230517,libA,2,1,1
93,A,S,0.0034,-0.0068,18.0,230517,libA,2,1,1
93,A,T,0.0029,-0.2419,34.0,230517,libA,2,1,1
93,A,V,0.0031,-0.147,19.0,230517,libA,2,1,1
94,Y,*,0.0033,-0.0655,2.0,230517,libA,2,1,1
94,Y,A,0.0035,0.0145,25.0,230517,libA,2,1,1
94,Y,D,0.0035,0.0099,12.0,230517,libA,2,1,1
94,Y,E,0.0031,-0.1533,38.0,230517,libA,2,1,1
94,Y,F,0.0036,0.0446,56.0,230517,libA,2,1,1
94,Y,G,0.0033,-0.073,41.0,230517,libA,2,1,1
94,Y,H,0.0033,-0.0617,42.0,230517,libA,2,1,1
94,Y,I,0.0039,0.1635,37.0,230517,libA,2,1,1
94,Y,K,0.0038,0.1449,61.0,230517,libA,2,1,1
94,Y,M,0.0044,0.3677,21.0,230517,libA,2,1,1
94,Y,N,0.0035,0.0048,42.0,230517,libA,2,1,1
94,Y,Q,0.0034,-0.0248,30.0,230517,libA,2,1,1
94,Y,R,0.0036,0.0549,31.0,230517,libA,2,1,1
94,Y,S,0.0032,-0.0869,29.0,230517,libA,2,1,1
94,Y,T,0.0031,-0.1637,32.0,230517,libA,2,1,1
94,Y,V,0.0044,0.3627,35.0,230517,libA,2,1,1
94,Y,W,0.0037,0.1062,20.0,230517,libA,2,1,1
94,Y,Y,0.0034,0.0,,230517,libA,2,1,1
95,S,G,0.0034,-0.0131,1.0,230517,libA,2,1,1
95,S,N,0.0034,-0.02,1.0,230517,libA,2,1,1
95,S,S,0.0034,0.0,,230517,libA,2,1,1
96,N,A,0.0036,0.0546,14.0,230517,libA,2,1,1
96,N,D,0.0033,-0.0449,21.0,230517,libA,2,1,1
96,N,G,0.0035,0.0253,11.0,230517,libA,2,1,1
96,N,K,0.0033,-0.0658,1.0,230517,libA,2,1,1
96,N,N,0.0034,0.0,,230517,libA,2,1,1
96,N,Q,0.0033,-0.0431,22.0,230517,libA,2,1,1
96,N,S,0.0033,-0.0637,19.0,230517,libA,2,1,1
96,N,T,0.0028,-0.2803,55.0,230517,libA,2,1,1
96,N,Y,0.0033,-0.0667,19.0,230517,libA,2,1,1
98,Y,*,0.0037,0.0861,1.0,230517,libA,2,1,1
98,Y,Y,0.0034,0.0,,230517,libA,2,1,1
99,P,A,0.0034,-0.0285,1.0,230517,libA,2,1,1
99,P,H,0.0031,-0.1418,5.0,230517,libA,2,1,1
99,P,P,0.0034,0.0,,230517,libA,2,1,1
99,P,T,0.0032,-0.1087,3.0,230517,libA,2,1,1
